id,commodity,unit,hyvee_everyday,hyvee_ad,hyvee_ad_from,hyvee_ad_to,hyvee_shown,aldi_everyday,aldi_ad,aldi_ad_from,aldi_ad_to,aldi_shown,familyfare_everyday,familyfare_ad,familyfare_ad_from,familyfare_ad_to,familyfare_shown,fareway_everyday,fareway_ad,fareway_ad_from,fareway_ad_to,fareway_shown,bakers_everyday,bakers_ad,bakers_ad_from,bakers_ad_to,bakers_shown,sams_everyday,sams_ad,sams_ad_from,sams_ad_to,sams_shown,walmart_everyday,walmart_ad,walmart_ad_from,walmart_ad_to,walmart_shown
portobello-mushrooms,Portobello Mushrooms,lb,,,,,,6.64,,,,6.64,,,,,,,,,,,,,,,,,,,,,8.32,,,,8.32
garlic,Garlic (fresh),each,0.79,,,,0.79,0.4967,,,,0.4967,0.79,,,,0.79,0.6633,,,,0.6633,0.498,,,,0.498,,,,,,0.58,,,,0.58
red-onion,Red Onions,lb,,,,,,1.095,,,,1.095,1.99,,,,1.99,,,,,,1.33,,,,1.33,,,,,,1.18,,,,1.18
canned-white-beans,Canned White Beans (Great Northern / Cannellini / Navy),oz,,,,,,0.0548,,,,0.0548,0.1413,,,,0.1413,0.0865,,,,0.0865,0.0645,,,,0.0645,,,,,,0.0594,,,,0.0594
canned-mushrooms,Canned Mushrooms,oz,0.2908,,,,0.2908,0.3625,,,,0.3625,0.2231,,,,0.2231,0.2257,,,,0.2257,0.3738,,,,0.3738,,,,,,0.2338,,,,0.2338
dijon-mustard,Dijon Mustard,oz,0.2075,,,,0.2075,0.1242,,,,0.1242,0.1825,,,,0.1825,0.2492,,,,0.2492,0.1575,0.2933,2026-09-23,2026-09-29,0.1575,,,,,,0.1475,,,,0.1475
sloppy-joe-sauce,Sloppy Joe Sauce (Manwich style),oz,0.0788,,,,0.0788,0.066,,,,0.066,0.1056,,,,0.1056,0.1219,,,,0.1219,0.0994,,,,0.0994,,,,,,0.0925,,,,0.0925
horseradish-sauce,Horseradish Sauce (creamy),oz,,,,,,0.2989,,,,0.2989,0.3773,,,,0.3773,,,,,,0.2339,,,,0.2339,,,,,,0.16,,,,0.16
honey-mustard,Honey Mustard,oz,,,,,,0.1242,,,,0.1242,0.3893,,,,0.3893,0.2492,,,,0.2492,0.1575,,,,0.1575,,,,,,0.1475,,,,0.1475
ranch-seasoning-mix,Ranch Seasoning Mix (packet),oz,,,,,,0.55,,,,0.55,0.7054,,,,0.7054,1.49,,,,1.49,0.6725,,,,0.6725,,,,,,0.5425,,,,0.5425
canned-mixed-vegetables,Canned Mixed Vegetables,oz,,,,,,0.169,,,,0.169,,,,,,,,,,,0.0727,,,,0.0727,,,,,,0.064,,,,0.064
red-wine-vinegar,Red Wine Vinegar,floz,0.4825,,,,0.4825,0.1769,,,,0.1769,0.1556,,,,0.1556,0.2355,,,,0.2355,0.1869,0.2244,2026-07-20,2026-10-11,0.1869,,,,,,0.18,,,,0.18
balsamic-vinegar,Balsamic Vinegar,floz,,,,,,0.1769,,,,0.1769,0.3914,,,,0.3914,0.2355,,,,0.2355,0.2806,0.2494,2026-08-03,2026-10-25,0.2494,,,,,,0.2425,,,,0.2425
banana-peppers,Banana Peppers,oz,,,,,,0.1556,,,,0.1556,0.2056,,,,0.2056,0.2075,,,,0.2075,0.1872,,,,0.1872,,,,,,0.1475,,,,0.1475
cabbage,Cabbage (green),lb,0.99,,,,0.99,0.79,,,,0.79,0.99,,,,0.99,0.77,,,,0.77,0.99,,,,0.99,,,,,,0.8801,,,,0.8801
radishes,Radishes,oz,0.1556,,,,0.1556,0.1181,,,,0.1181,0.1869,,,,0.1869,0.1244,,,,0.1244,0.1244,,,,0.1244,,,,,,0.323,,,,0.323
cilantro,Cilantro (bunch),each,0.99,,,,0.99,0.89,,,,0.89,0.99,,,,0.99,1.49,,,,1.49,0.99,,,,0.99,,,,,,,,,,
white-onion,White Onion,lb,,,,,,1.095,,,,1.095,1.39,,,,1.39,,,,,,1.2633,,,,1.2633,,,,,,1.1233,,,,1.1233
pudding-cups,Pudding Cups,each,0.36,,,,0.36,0.3225,,,,0.3225,0.3975,,,,0.3975,,,,,,0.7488,0.7483,2026-09-23,2026-10-06,0.7483,,,,,,0.3308,,,,0.3308
prunes,Prunes / Dried Plums,oz,,,,,,0.3328,,,,0.3328,0.4806,,,,0.4806,,,,,,0.3747,0.3328,2026-08-24,2026-10-18,0.3328,,,,,,0.1588,,,,0.1588
spaghetti-squash,Spaghetti Squash,lb,,,,,,0.89,,,,0.89,1.99,,,,1.99,,,,,,1.49,,,,1.49,,,,,,1.54,,,,1.54
butternut-squash,Butternut Squash,lb,,,,,,0.89,,,,0.89,1.99,,,,1.99,,,,,,1.49,,,,1.49,,,,,,1.54,,,,1.54
pineapple,Pineapple (whole),each,3.99,,,,3.99,1.89,,,,1.89,,,,,,,,,,,,,,,,,,,,,1.98,1.88,2026-09-05,2026-10-05,1.88
soda,Soda (12-pack),floz,0.0328,0.0312,,,0.0312,0.0146,,,,0.0146,0.0473,,,,0.0473,,,,,,0.0148,0.0451,2026-09-23,2026-09-29,0.0148,0.0439,0.0394,2026-09-19,2026-10-19,0.0394,0.0148,0.035,2026-08-31,2026-09-30,0.0148
rice-cakes,Rice Cakes,oz,0.6102,,,,0.6102,0.4802,,,,0.4802,0.5662,,,,0.5662,0.621,,,,0.621,0.4558,0.875,2026-09-02,2026-10-13,0.4558,0.6225,,,,0.6225,0.467,,,,0.467
mangoes,Mangoes,each,,,,,,1.09,,,,1.09,2.29,,,,2.29,1.5,,,,1.5,1,,,,1,,,,,,1.27,1,2026-09-05,2026-10-05,1
cherries,Cherries (fresh),lb,6.99,,,,6.99,2.49,,,,2.49,,,,,,,,,,,6.99,,,,6.99,,,,,,6.9689,,,,6.9689
canned-pineapple,Canned Pineapple,oz,,,,,,0.0825,,,,0.0825,,,,,,,,,,,0.0995,,,,0.0995,,,,,,0.084,0.111,2026-08-31,2026-09-30,0.084
grape-juice,Grape Juice,floz,0.067,,,,0.067,0.0461,,,,0.0461,0.0623,,,,0.0623,0.0702,,,,0.0702,0.0514,,,,0.0514,,,,,,0.0464,,,,0.0464
relish,Sweet Relish,oz,0.239,0.199,,,0.199,0.1056,,,,0.1056,0.199,,,,0.199,0.249,0.225,2026-09-27,2026-10-27,0.225,0.1454,,,,0.1454,,,,,,0.155,0.172,2026-08-31,2026-09-30,0.155
miracle-whip,Miracle Whip (Salad Dressing Spread),oz,,,,,,0.0963,,,,0.0963,0.233,,,,0.233,0.3327,0.3253,2026-09-27,2026-10-27,0.3253,,,,,,,,,,,,,,,
lime-juice,Lime Juice (bottled),floz,0.2193,,,,0.2193,0.0684,,,,0.0684,0.2193,,,,0.2193,0.2193,,,,0.2193,0.1193,0.1667,2026-09-02,2026-10-20,0.1193,,,,,,0.158,,,,0.158
cauliflower,Cauliflower,each,,,,,,2.95,,,,2.95,3.79,,,,3.79,4.99,,,,4.99,,,,,,,,,,,2.96,,,,2.96
brussels-sprouts,Brussels Sprouts,lb,3.49,,,,3.49,2.79,,,,2.79,3.99,,,,3.99,3.0743,,,,3.0743,3.5,,,,3.5,,,,,,3.02,,,,3.02
jalapenos,Jalapeno Peppers,lb,2.99,,,,2.99,1.98,,,,1.98,1.99,,,,1.99,1.99,,,,1.99,1.99,,,,1.99,,,,,,1.96,1.76,2026-08-31,2026-09-30,1.76
cheddar-cheese-curds,Cheddar cheese curds,oz,,,,,,0.3575,,,,0.3575,0.6242,,,,0.6242,,,,,,0.798,,,,0.798,,,,,,0.788,,,,0.788
canned-pears,Canned Pears,oz,0.1167,0.1627,,,0.1167,0.1043,,,,0.1043,,,,,,,,,,,0.126,,,,0.126,,,,,,0.0959,,,,0.0959
mandarin-oranges,Canned Mandarin Oranges,oz,,,,,,0.0993,,,,0.0993,0.2327,,,,0.2327,0.1527,,,,0.1527,0.1327,,,,0.1327,,,,,,0.1231,,,,0.1231
bacon-bits,Bacon Bits,oz,,,,,,0.78,,,,0.78,,,,,,,,,,,,,,,,,,,,,1.16,,,,1.16
fruit-cocktail,Canned Fruit Cocktail,oz,,,,,,0.1043,,,,0.1043,,,,,,0.1305,0.0944,2026-09-09,2026-10-09,0.0944,0.1097,,,,0.1097,,,,,,0.0927,,,,0.0927
shelled-edamame,Shelled Edamame,oz,,,,,,0.1556,,,,0.1556,,,,,,,,,,,0.3495,0.2995,2026-09-08,2026-10-04,0.2995,,,,,,0.2086,,,,0.2086
vegetable-soup,Vegetable / Vegetable Beef Soup (canned),oz,0.1319,,,,0.1319,0.0961,,,,0.0961,,,,,,,,,,,0.1574,,,,0.1574,,,,,,0.1305,,,,0.1305
vegetable-broth,Vegetable Broth / Stock,floz,,,,,,0.0528,,,,0.0528,0.0809,,,,0.0809,0.1091,,,,0.1091,0.0497,0.0625,2026-09-08,2026-11-10,0.0497,,,,,,0.0469,,,,0.0469
cranberry-sauce,Cranberry Sauce (canned),oz,,,,,,0.1136,,,,0.1136,0.1993,,,,0.1993,0.1914,,,,0.1914,0.1421,,,,0.1421,,,,,,0.1229,,,,0.1229
hulled-pumpkin-seeds,Hulled Pumpkin Seeds,oz,,,,,,0.3983,,,,0.3983,0.5619,,,,0.5619,,,,,,0.4821,,,,0.4821,,,,,,0.4925,,,,0.4925
turkey-breast,Turkey Breast (raw),lb,,,,,,4.33,,,,4.33,11.99,,,,11.99,,,,,,4.9967,3.9967,2026-09-16,2026-10-13,3.9967,,,,,,4.8133,,,,4.8133
ready-to-serve-long-grain-wild-rice-pouch,Ready-to-Serve Long Grain & Wild Rice Pouch,oz,,,,,,0.1466,,,,0.1466,0.317,,,,0.317,,,,,,0.1693,,,,0.1693,,,,,,0.15,,,,0.15
almond-flour,Almond Flour,lb,,,,,,6.65,,,,6.65,,,,,,,,,,,,,,,,,,,,,,,,,
baking-soda,Baking Soda,oz,0.0744,,,,0.0744,0.0556,,,,0.0556,0.078,,,,0.078,0.0931,0.08,2026-09-27,2026-10-27,0.08,0.067,,,,0.067,,,,,,0.0512,,,,0.0512
wild-rice-blend,Wild Rice Blend,lb,,,,,,5.054,,,,5.054,,,,,,,,,,,,,,,,,,,,,,,,,
firm-tofu,Firm tofu,oz,,,,,,0.1064,,,,0.1064,,,,,,0.2136,,,,0.2136,0.1421,,,,0.1421,,,,,,0.1388,,,,0.1388
coconut-milk-canned,Canned Coconut Milk,floz,,,,,,0.1164,,,,0.1164,,,,,,,,,,,0.1474,,,,0.1474,,,,,,0.1467,,,,0.1467
ricotta,Ricotta Cheese,oz,,,,,,0.166,,,,0.166,0.1872,,,,0.1872,,,,,,0.183,0.2527,2026-09-14,2026-11-08,0.183,,,,,,0.1638,,,,0.1638
clam-chowder,Clam Chowder (canned),oz,,,,,,0.1319,,,,0.1319,,,,,,,,,,,0.159,,,,0.159,,,,,,0.3606,0.2445,2026-08-31,2026-09-30,0.2445
turkey-bacon,Turkey Bacon,oz,0.3325,,,,0.3325,0.349,,,,0.349,0.3325,,,,0.3325,0.4158,,,,0.4158,0.3325,,,,0.3325,,,,,,0.3267,,,,0.3267
bread-crumbs,Bread Crumbs / Panko,oz,0.2978,,,,0.2978,0.1233,,,,0.1233,0.126,,,,0.126,0.1871,,,,0.1871,0.1193,,,,0.1193,,,,,,0.0847,,,,0.0847
ground-pork,Ground Pork,lb,3.99,3.49,2026-09-28,2026-10-04,3.49,3.29,,,,3.29,4.49,,,,4.49,3.99,,,,3.99,6,,,,6,,,,,,3.9467,,,,3.9467
vienna-sausage,Vienna sausage,oz,,,,,,0.1652,,,,0.1652,0.2587,,,,0.2587,,,,,,0.5413,,,,0.5413,,,,,,0.1756,,,,0.1756
stain-remover,Laundry Stain Remover,floz,0.1059,,,,0.1059,0.1541,,,,0.1541,0.1432,,,,0.1432,0.1165,,,,0.1165,0.1065,0.1586,2026-08-19,2026-11-15,0.1065,,,,,,0.0997,,,,0.0997
sazon-seasoning,Sazon Seasoning,oz,,,,,,0.5633,,,,0.5633,,,,,,,,,,,1.1986,,,,1.1986,,,,,,0.7289,,,,0.7289
sesame-oil,Sesame Oil (toasted),floz,,,,,,0.4432,,,,0.4432,1.078,,,,1.078,0.7887,,,,0.7887,0.6653,0.532,2026-09-09,2026-09-29,0.532,,,,,,0.5365,,,,0.5365
poultry-seasoning,Poultry Seasoning,oz,4.7571,,,,4.7571,1.3,,,,1.3,2.2029,,,,2.2029,,,,,,3.1038,,,,3.1038,,,,,,0.6753,,,,0.6753
ground-nutmeg,Nutmeg (ground),oz,5.4455,,,,5.4455,1.3267,,,,1.3267,3.0613,,,,3.0613,1.245,,,,1.245,2.3189,,,,2.3189,,,,,,1.64,,,,1.64
kidney-beans,Kidney Beans (canned),oz,0.0639,,,,0.0639,0.0548,,,,0.0548,0.0639,,,,0.0639,,,,,,0.0638,,,,0.0638,,,,,,0.0594,,,,0.0594
crushed-tomatoes,Crushed Tomatoes (canned),oz,0.0711,,,,0.0711,0.0532,,,,0.0532,0.1068,,,,0.1068,0.0889,0.0711,2026-08-30,2026-09-29,0.0711,0.0667,,,,0.0667,,,,,,0.0561,,,,0.0561
brown-lentils,Brown Lentils,lb,,,,,,3.184,,,,3.184,,,,,,,,,,,,,,,,,,,,,1.92,,,,1.92
canned-pinto-beans,Canned Pinto Beans,oz,0.066,,,,0.066,0.0548,,,,0.0548,0.0639,,,,0.0639,0.0687,0.0624,2026-09-17,2026-10-17,0.0624,0.0627,,,,0.0627,,,,,,0.0594,,,,0.0594
canned-green-chilies,Canned Diced Green Chilies,oz,,,,,,0.2125,,,,0.2125,0.2975,,,,0.2975,0.4475,,,,0.4475,0.2475,,,,0.2475,,,,,,0.25,,,,0.25
canned-beets,Canned Beets,oz,,,,,,0.1119,,,,0.1119,,,,,,,,,,,0.0727,0.2588,2026-08-24,2026-10-18,0.0727,,,,,,0.052,,,,0.052
frozen-corn,Frozen Corn,oz,0.0817,,,,0.0817,0.0808,,,,0.0808,0.139,,,,0.139,0.1247,0.0919,2026-09-09,2026-10-09,0.0919,0.0915,,,,0.0915,,,,,,0.0775,,,,0.0775
chili-beans,Chili Beans (in sauce),oz,,,,,,0.0594,,,,0.0594,0.0639,,,,0.0639,0.0865,,,,0.0865,0.0645,0.0568,2026-09-23,2026-09-29,0.0568,,,,,,0.0594,,,,0.0594
corn-muffin-mix,Corn Muffin Mix,oz,,,,,,0.0847,,,,0.0847,0.0882,,,,0.0882,0.0978,,,,0.0978,0.0929,0.1869,2026-09-16,2026-10-13,0.0929,,,,,,0.0906,,,,0.0906
chocolate-milk,Chocolate Milk,floz,0.1181,0.0625,,,0.0625,0.0283,,,,0.0283,0.0312,,,,0.0312,0.0546,,,,0.0546,0.0312,,,,0.0312,0.104,,,,0.104,0.0244,,,,0.0244
bar-soap,Bar Soap,each,,,,,,,,,,,0.9988,,,,0.9988,,,,,,0.7075,0.7488,2026-09-14,2026-12-13,0.7075,0.549,,,,0.549,0.6642,,,,0.6642
toothbrushes,Toothbrushes,each,,,,,,0.975,,,,0.975,0.9317,,,,0.9317,0.83,,,,0.83,0.9225,3.995,2026-09-09,2026-10-06,0.9225,1.8712,,,,1.8712,0.5,,,,0.5
hot-cocoa,Hot Cocoa Mix,each,0.249,,,,0.249,0.279,,,,0.279,0.369,,,,0.369,,,,,,0.333,,,,0.333,0.1956,,,,0.1956,0.299,,,,0.299
air-freshener,Air Freshener,oz,0.2027,,,,0.2027,0.4247,,,,0.4247,0.3137,,,,0.3137,0.4096,,,,0.4096,0.2452,0.2178,2026-09-14,2026-11-01,0.2178,0.308,,,,0.308,0.1212,,,,0.1212
french-bread,French Bread / Baguette,each,3.49,,,,3.49,1.85,,,,1.85,2.99,,,,2.99,1.99,,,,1.99,1.99,,,,1.99,2.23,,,,2.23,1.47,,,,1.47
baby-food,Baby Food (jars/pouches),oz,,,,,,0.2225,,,,0.2225,0.2738,,,,0.2738,0.2725,0.2462,2026-09-27,2026-10-27,0.2462,0.1873,,,,0.1873,0.3642,,,,0.3642,0.1546,0.3771,2026-08-31,2026-09-30,0.1546
hot-sauce,Hot Sauce,floz,0.3317,,,,0.3317,0.1292,,,,0.1292,0.1658,,,,0.1658,0.1592,,,,0.1592,0.1085,0.2742,2026-09-14,2026-11-10,0.1085,0.4158,,,,0.4158,0.0822,0.5925,2026-08-31,2026-09-30,0.0822
refrigerated-biscuits,Refrigerated Biscuit Dough,oz,0.1587,,,,0.1587,0.1181,,,,0.1181,0.2141,,,,0.2141,0.1869,,,,0.1869,0.1244,,,,0.1244,0.1454,,,,0.1454,0.1087,,,,0.1087
cod,Cod Fillets,lb,14.99,,,,14.99,8.745,,,,8.745,9.995,,,,9.995,,,,,,6.99,,,,6.99,11.76,,,,11.76,11.88,,,,11.88
chicken-nuggets,Frozen Chicken Nuggets,oz,0.2924,,,,0.2924,0.1435,,,,0.1435,0.2498,,,,0.2498,0.2811,,,,0.2811,0.1873,0.203,2026-08-29,2026-11-03,0.1873,0.1496,0.1246,2026-09-09,2026-10-09,0.1246,0.1704,,,,0.1704
avocado-oil,Avocado Oil,floz,,,,,,0.4582,,,,0.4582,0.6675,,,,0.6675,0.7033,0.6293,2026-09-28,2026-10-03,0.6293,0.4436,0.6503,2026-09-11,2026-09-29,0.4436,0.4112,,,,0.4112,0.4112,,,,0.4112
caesar-salad-kit,Caesar Salad Kit,oz,0.3973,,,,0.3973,0.2646,,,,0.2646,0.4467,,,,0.4467,0.3973,0.3531,2026-09-28,2026-10-03,0.3531,0.3169,0.3219,2026-08-29,2026-10-06,0.3169,0.2331,0.2036,2026-09-19,2026-10-19,0.2036,0.2027,,,,0.2027
shaved-beef-steak,Shaved Beef Steak,lb,,,,,,7.3714,,,,7.3714,,,,,,,,,,,8.66,5.7143,2026-09-23,2026-09-29,5.7143,8.735,,,,8.735,,,,,
baby-formula,Baby Formula,oz,1.9192,,,,1.9192,,,,,,1.1533,,,,1.1533,2.0792,,,,2.0792,0.9409,,,,0.9409,0.7704,1.3495,2026-09-21,2026-10-21,0.7704,0.7313,,,,0.7313
vanilla-extract,Vanilla Extract,floz,2.985,,,,2.985,1.745,,,,1.745,3.495,,,,3.495,4.2475,,,,4.2475,1.4994,2.495,2026-09-02,2026-10-06,1.4994,1.1225,,,,1.1225,2.44,,,,2.44
raisins,Raisins,oz,,,,,,0.1995,,,,0.1995,0.2995,,,,0.2995,,,,,,0.2408,,,,0.2408,0.3878,,,,0.3878,0.219,,,,0.219
tampons,Tampons,each,0.2827,,,,0.2827,,,,,,0.1998,,,,0.1998,,,,,,0.1886,,,,0.1886,0.1769,,,,0.1769,0.1495,,,,0.1495
fruit-cups,Fruit Cups,each,0.695,,,,0.695,0.5475,,,,0.5475,0.7475,,,,0.7475,0.7492,0.6233,2026-09-17,2026-10-17,0.6233,0.6246,0.75,2026-09-02,2026-11-10,0.6246,0.599,,,,0.599,0.5925,0.7425,2026-08-31,2026-09-30,0.5925
nectarines,Nectarines,lb,,,,,,1.845,,,,1.845,3.99,,,,3.99,,,,,,2.995,,,,2.995,2.1925,,,,2.1925,2.485,,,,2.485
evaporated-milk,Evaporated Milk,oz,0.1483,,,,0.1483,,,,,,0.1492,,,,0.1492,0.298,0.258,2026-09-09,2026-10-09,0.258,0.1075,0.1408,2026-09-09,2026-11-03,0.1075,0.1223,0.1092,2026-09-21,2026-10-21,0.1092,0.1483,,,,0.1483
applesauce,Applesauce,oz,0.0829,,,,0.0829,0.0812,,,,0.0812,0.0894,,,,0.0894,0.0933,,,,0.0933,0.0738,0.079,2026-09-14,2026-12-06,0.0738,0.0642,,,,0.0642,0.0806,0.1815,2026-08-31,2026-09-30,0.0806
plums,Plums,lb,2.99,,,,2.99,1.945,,,,1.945,3.99,,,,3.99,,,,,,2.6633,,,,2.6633,1.9886,,,,1.9886,2.985,,,,2.985
canned-peas,Canned Peas,oz,0.0547,,,,0.0547,0.054,,,,0.054,0.0793,,,,0.0793,0.0747,,,,0.0747,0.0667,,,,0.0667,0.1082,,,,0.1082,0.0547,,,,0.0547
bleach,Bleach,floz,0.0309,,,,0.0309,0.0483,,,,0.0483,0.074,,,,0.074,0.039,,,,0.039,0.0311,,,,0.0311,0.0523,,,,0.0523,0.0514,,,,0.0514
dryer-sheets,Dryer Sheets,each,0.0599,,,,0.0599,0.0299,,,,0.0299,0.0374,,,,0.0374,0.0495,,,,0.0495,0.035,,,,0.035,0.0229,0.0207,2026-09-26,2026-10-26,0.0207,0.0307,,,,0.0307
disinfecting-wipes,Disinfecting Wipes,each,,,,,,0.0393,,,,0.0393,0.0932,,,,0.0932,0.0999,0.0743,2026-09-09,2026-10-09,0.0743,0.0532,0.0467,2026-09-02,2026-11-10,0.0467,0.0555,,,,0.0555,0.0397,,,,0.0397
dried-basil,Basil (dried),oz,4.8226,,,,4.8226,,,,,,,,,,,3.32,,,,3.32,4.6279,,,,4.6279,1.0624,,,,1.0624,1.35,,,,1.35
energy-drinks,Energy Drinks,floz,0.1744,,,,0.1744,0.0763,,,,0.0763,0.1353,,,,0.1353,0.1354,0.1029,2026-09-28,2026-10-03,0.1029,0.1248,0.1249,2026-08-19,2026-11-10,0.1248,0.0911,0.0966,2026-09-25,2026-10-25,0.0911,0.1039,0.105,2026-08-31,2026-09-30,0.1039
brandy,Brandy,floz,,,,,,,,,,,0.5122,,,,0.5122,,,,,,0.4052,0.3715,2026-09-18,2026-11-03,0.3715,0.3258,,,,0.3258,0.3292,,,,0.3292
toilet-bowl-cleaner,Toilet Bowl Cleaner,floz,0.1454,,,,0.1454,0.0746,,,,0.0746,0.1028,,,,0.1028,0.1456,,,,0.1456,0.0935,,,,0.0935,0.0897,,,,0.0897,0.0725,,,,0.0725
egg-whites,Liquid Egg Whites,floz,0.2369,,,,0.2369,0.1497,,,,0.1497,,,,,,0.2497,,,,0.2497,0.2122,,,,0.2122,0.168,,,,0.168,0.1522,,,,0.1522
italian-seasoning,Italian Seasoning,oz,,,,,,1.32,,,,1.32,1.352,,,,1.352,1.3317,,,,1.3317,2.0833,,,,2.0833,1.1633,,,,1.1633,1.06,,,,1.06
red-pepper-flakes,Red Pepper Flakes,oz,0.625,,,,0.625,0.66,,,,0.66,1.9933,,,,1.9933,0.8867,,,,0.8867,0.8333,,,,0.8333,0.443,,,,0.443,0.595,,,,0.595
heavy-cream,Heavy Whipping Cream,floz,0.2184,,,,0.2184,0.1434,,,,0.1434,0.2184,,,,0.2184,,,,,,0.1716,,,,0.1716,0.1162,,,,0.1162,0.1475,,,,0.1475
cooked-jasmine-rice,Cooked Jasmine Rice,oz,,,,,,,,,,,,,,,,0.3398,0.2261,2026-09-28,2026-10-03,0.2261,,,,,,0.2153,0.1957,2026-09-25,2026-10-25,0.1957,0.2023,,,,0.2023
microwave-popcorn,Microwave Popcorn,each,,,,,,,,,,,0.5633,,,,0.5633,,,,,,0.3883,0.665,2026-09-16,2026-10-13,0.3883,0.3119,,,,0.3119,0.3767,,,,0.3767
lotion,Body Lotion,floz,0.4994,,,,0.4994,0.2217,,,,0.2217,0.4757,,,,0.4757,0.4404,0.3669,2026-09-23,2026-10-23,0.3669,0.2064,,,,0.2064,0.2862,0.2196,2026-09-19,2026-10-19,0.2196,0.1244,,,,0.1244
papaya,Papaya,each,,,,,,,,,,,,,,,,,,,,,,,,,,3.27,,,,3.27,,,,,
onion-soup-mix,Onion Soup Mix (dry packets),oz,,,,,,,,,,,0.645,,,,0.645,,,,,,,,,,,0.665,,,,0.665,0.49,,,,0.49
lemon-juice,Lemon Juice,floz,0.1184,,,,0.1184,0.0684,,,,0.0684,0.1247,,,,0.1247,,,,,,0.1028,0.1667,2026-09-02,2026-10-20,0.1028,0.0675,,,,0.0675,0.07,,,,0.07
popsicles,Popsicles / Ice Pops,each,,,,,,0.2292,,,,0.2292,0.219,,,,0.219,,,,,,0.1495,0.305,2026-09-23,2026-10-06,0.1495,0.1919,,,,0.1919,0.0825,,,,0.0825
maple-syrup,Syrup (pancake / maple),floz,0.0979,,,,0.0979,0.0979,,,,0.0979,,,,,,0.1454,,,,0.1454,0.0912,,,,0.0912,0.1059,,,,0.1059,0.0811,,,,0.0811
cajun-seasoning,Cajun Seasoning,oz,0.6862,,,,0.6862,0.4829,,,,0.4829,0.3738,,,,0.3738,,,,,,0.3222,1.6622,2026-08-19,2026-09-29,0.3222,0.4536,,,,0.4536,0.3088,,,,0.3088
instant-coffee,Instant Coffee,oz,,,,,,0.6988,,,,0.6988,1.1326,,,,1.1326,1.0825,,,,1.0825,0.7129,1.1414,2026-09-09,2026-10-06,0.7129,0.83,0.705,2026-09-19,2026-10-19,0.705,0.7067,,,,0.7067
storage-bags,Food Storage Bags (gallon),each,0.1067,,,,0.1067,0.0462,,,,0.0462,0.113,,,,0.113,0.149,,,,0.149,0.1193,,,,0.1193,0.0792,0.066,2026-09-19,2026-10-19,0.066,0.0612,,,,0.0612
quart-storage-bags,Food Storage Bags (quart),each,,,,,,0.0438,,,,0.0438,0.0848,,,,0.0848,0.1192,0.0992,2026-09-17,2026-10-17,0.0992,0.0895,,,,0.0895,0.0647,,,,0.0647,0.0489,,,,0.0489
red-wine,Red Wine,floz,,,,,,0.1558,,,,0.1558,0.2756,,,,0.2756,,,,,,0.2358,0.3539,2026-09-18,2026-11-03,0.2358,0.2736,,,,0.2736,0.1364,0.8269,2026-08-31,2026-09-30,0.1364
sandwich-bags,Sandwich Bags,each,0.0366,,,,0.0366,0.016,,,,0.016,0.0186,,,,0.0186,0.0596,,,,0.0596,0.0099,,,,0.0099,0.0215,,,,0.0215,0.0098,,,,0.0098
brown-sugar,Brown Sugar,lb,0.925,,,,0.925,0.925,,,,0.925,,,,,,1.495,1.195,2026-09-28,2026-10-03,1.195,1.145,,,,1.145,0.9971,,,,0.9971,0.99,,,,0.99
worcestershire,Worcestershire Sauce,floz,0.112,,,,0.112,,,,,,0.169,,,,0.169,,,,,,0.146,,,,0.146,0.2345,,,,0.2345,0.1,,,,0.1
pistachios,Pistachios,oz,,,,,,0.4056,,,,0.4056,0.4698,,,,0.4698,,,,,,0.4684,0.5306,2026-09-16,2026-10-13,0.4684,0.3538,,,,0.3538,0.4492,,,,0.4492
powdered-sugar,Powdered Sugar,lb,0.925,,,,0.925,0.925,,,,0.925,1.795,,,,1.795,1.99,1.89,2026-09-23,2026-10-23,1.89,1.145,4.464,2026-09-16,2026-09-29,1.145,0.9971,,,,0.9971,0.99,,,,0.99
canned-pumpkin,Canned Pumpkin (100% puree),oz,,,,,,0.1193,,,,0.1193,0.1327,,,,0.1327,0.1721,0.1531,2026-09-27,2026-10-27,0.1531,0.146,,,,0.146,0.0871,,,,0.0871,0.1307,,,,0.1307
drain-cleaner,Drain Cleaner,floz,,,,,,,,,,,0.1434,,,,0.1434,0.1403,,,,0.1403,0.0936,,,,0.0936,0.0804,0.0632,2026-09-19,2026-10-19,0.0632,0.0462,,,,0.0462
breakfast-sandwiches,Frozen Breakfast Sandwiches,each,,,,,,,,,,,1.7488,,,,1.7488,1.6238,1.2488,2026-09-17,2026-10-17,1.2488,1.3738,1.7475,2026-09-16,2026-09-29,1.3738,1.165,0.9775,2026-08-31,2026-09-30,0.9775,1.2462,,,,1.2462
frozen-meatballs,Frozen Meatballs,oz,0.4575,,,,0.4575,0.2184,,,,0.2184,,,,,,,,,,,0.1875,0.2664,2026-09-25,2026-09-29,0.1875,0.2393,,,,0.2393,0.234,,,,0.234
sweet-corn,Sweet Corn (ear),each,1.2475,,,,1.2475,0.7375,,,,0.7375,1.4975,,,,1.4975,,,,,,0.33,0.9975,2026-09-23,2026-09-29,0.33,0.7462,,,,0.7462,0.995,,,,0.995
chicken-noodle-soup,Chicken Noodle Soup (canned),oz,0.1133,,,,0.1133,0.0909,,,,0.0909,0.1177,,,,0.1177,0.141,,,,0.141,0.081,0.1236,2026-09-09,2026-11-03,0.081,0.1006,,,,0.1006,0.0705,,,,0.0705
ground-beef-9010,Ground Beef 90/10,lb,,,,,,6.99,,,,6.99,,,,,,,,,,,9.6633,,,,9.6633,5.86,,,,5.86,7.38,,,,7.38
corned-beef-brisket,Corned Beef Brisket (raw),lb,,,,,,6.29,,,,6.29,8.99,,,,8.99,,,,,,6.99,,,,6.99,8.34,,,,8.34,4.9807,,,,4.9807
cranberry-juice,Cranberry Juice,floz,0.0545,,,,0.0545,0.0405,,,,0.0405,0.053,,,,0.053,0.0592,0.0467,2026-09-19,2026-10-19,0.0467,0.0467,,,,0.0467,0.0431,,,,0.0431,0.0464,,,,0.0464
cotton-swabs,Cotton Swabs,each,0.015,,,,0.015,0.0043,,,,0.0043,0.0056,,,,0.0056,0.016,,,,0.016,0.0047,,,,0.0047,0.0053,,,,0.0053,0.0033,,,,0.0033
hand-soap,Hand Soap (liquid),floz,0.1198,,,,0.1198,0.0558,,,,0.0558,0.0998,,,,0.0998,0.1398,0.1194,2026-09-17,2026-10-17,0.1194,0.0658,0.1056,2026-09-14,2026-10-11,0.0658,0.1927,0.1712,2026-09-19,2026-10-19,0.1712,0.055,,,,0.055
hand-sanitizer,Hand Sanitizer,floz,,,,,,,,,,,0.2738,,,,0.2738,0.6212,,,,0.6212,0.2341,,,,0.2341,0.1173,,,,0.1173,0.2475,,,,0.2475
steak-sauce,Steak Sauce (A.1. style),floz,,,,,,0.199,,,,0.199,0.3326,,,,0.3326,0.315,0.28,2026-09-27,2026-10-27,0.28,0.4993,0.798,2026-09-23,2026-10-06,0.4993,0.2145,,,,0.2145,0.4353,,,,0.4353
high-fiber-tortillas,High Fiber Tortillas (burrito size),each,,,,,,,,,,,,,,,,,,,,,0.7817,,,,0.7817,0.598,,,,0.598,0.745,,,,0.745
salt,Table Salt,oz,0.0608,,,,0.0608,0.0304,,,,0.0304,0.0381,,,,0.0381,,,,,,0.0385,,,,0.0385,0.0384,,,,0.0384,0.0362,,,,0.0362
mini-sweet-peppers,Mini Sweet Peppers,oz,,,,,,0.1994,,,,0.1994,,,,,,,,,,,0.1875,,,,0.1875,0.2146,,,,0.2146,0.205,,,,0.205
frozen-waffles,Frozen Waffles,each,,,,,,0.215,,,,0.215,0.2079,,,,0.2079,0.2492,0.2267,2026-09-09,2026-10-09,0.2267,0.1788,0.3488,2026-08-29,2026-11-03,0.1788,0.1649,,,,0.1649,0.1725,,,,0.1725
cinnamon-stick,Cinnamon Sticks,oz,,,,,,2.99,,,,2.99,1.33,,,,1.33,,,,,,4.3267,7.32,2026-08-19,2026-09-29,4.3267,1.0457,,,,1.0457,1.3338,,,,1.3338
tomatillos,Tomatillos (fresh),lb,4.99,,,,4.99,,,,,,2.49,,,,2.49,2.49,,,,2.49,2.99,,,,2.99,2.96,,,,2.96,1.8182,,,,1.8182
pecorino-romano,Pecorino Romano Cheese,oz,,,,,,,,,,,,,,,,,,,,,1.498,,,,1.498,,,,,,,,,,
parsnips,Parsnips,lb,,,,,,,,,,,4.49,,,,4.49,,,,,,2.99,,,,2.99,,,,,,3.77,,,,3.77
pie-pumpkins,Pie Pumpkins,each,,,,,,,,,,,,,,,,,,,,,2.49,,,,2.49,,,,,,,,,,
pepperoncini,Pepperoncini,oz,,,,,,,,,,,,,,,,,,,,,0.2278,,,,0.2278,,,,,,0.171,,,,0.171
plastic-wrap,Plastic Wrap,each,2.79,,,,2.79,,,,,,2.79,,,,2.79,2.99,,,,2.99,2.49,,,,2.49,,,,,,2.14,,,,2.14
okra,Fresh Okra,lb,,,,,,,,,,,,,,,,,,,,,4.8,,,,4.8,,,,,,3.6774,,,,3.6774
mustard-greens,Mustard Greens (bunch),each,,,,,,,,,,,,,,,,,,,,,1.99,,,,1.99,,,,,,,,,,
oyster-sauce,Oyster Sauce,floz,,,,,,,,,,,,,,,,,,,,,0.4433,,,,0.4433,,,,,,,,,,
oven-cleaner,Oven Cleaner,oz,0.4476,,,,0.4476,,,,,,0.5855,,,,0.5855,0.4131,0.3779,2026-09-27,2026-10-27,0.3779,0.4683,,,,0.4683,,,,,,0.2794,,,,0.2794
rhubarb,Fresh Rhubarb,lb,,,,,,,,,,,,,,,,,,,,,3.99,,,,3.99,,,,,,,,,,
red-lentils,Red Lentils,oz,,,,,,,,,,,,,,,,,,,,,0.1556,,,,0.1556,,,,,,0.1362,,,,0.1362
rice-noodles,Rice Noodles,oz,0.5662,,,,0.5662,,,,,,0.8178,,,,0.8178,,,,,,0.235,0.3689,2026-08-24,2026-10-18,0.235,,,,,,0.34,,,,0.34
rice-arborio,Arborio Risotto Rice,oz,,,,,,,,,,,,,,,,,,,,,0.1869,,,,0.1869,,,,,,0.2384,,,,0.2384
red-curry-paste,Thai Red Curry Paste,oz,,,,,,,,,,,,,,,,,,,,,0.7756,1.6225,2026-08-17,2026-10-11,0.7756,,,,,,,,,,
pita-bread,Pita Bread,each,0.4983,,,,0.4983,,,,,,0.9975,,,,0.9975,0.798,,,,0.798,0.4983,,,,0.4983,,,,,,0.87,,,,0.87
pigeon-peas,Pigeon Peas / Gandules (canned),oz,,,,,,,,,,,,,,,,,,,,,0.1593,,,,0.1593,,,,,,,,,,
poppy-seeds,Poppy Seeds,oz,3.592,,,,3.592,,,,,,0.916,,,,0.916,,,,,,1.7877,,,,1.7877,,,,,,1.0295,,,,1.0295
pomegranates,Pomegranate,each,,,,,,,,,,,,,,,,,,,,,2.49,,,,2.49,,,,,,,,,,
horseradish,Prepared Horseradish,oz,,,,,,,,,,,0.4988,,,,0.4988,,,,,,0.3738,,,,0.3738,,,,,,,,,,
honeydew,Honeydew Melon,each,5.99,,,,5.99,,,,,,6.49,,,,6.49,,,,,,4.99,,,,4.99,,,,,,4.46,,,,4.46
insect-spray,Insect / Bug Spray (home),oz,0.3994,,,,0.3994,,,,,,,,,,,,,,,,0.2654,,,,0.2654,,,,,,0.2486,,,,0.2486
veggie-sausages,Veggie Sausages,oz,,,,,,,,,,,,,,,,,,,,,0.5633,0.5006,2026-09-09,2026-11-03,0.5006,,,,,,0.5419,0.495,2026-08-31,2026-09-30,0.495
hoisin-sauce,Hoisin Sauce,floz,,,,,,,,,,,0.3495,,,,0.3495,0.3929,,,,0.3929,0.2995,0.2895,2026-08-17,2026-10-11,0.2895,,,,,,0.248,,,,0.248
ground-fennel,Fennel Seed / Ground Fennel,oz,,,,,,,,,,,0.6232,,,,0.6232,3.5176,,,,3.5176,2.6959,,,,2.6959,,,,,,2.725,,,,2.725
ground-cloves,Cloves (ground),oz,2.495,,,,2.495,,,,,,1.495,,,,1.495,7.7667,,,,7.7667,2.6412,,,,2.6412,,,,,,1.09,,,,1.09
keto-hamburger-buns,Keto Hamburger Buns,each,,,,,,,,,,,,,,,,,,,,,1.1238,,,,1.1238,,,,,,0.5975,,,,0.5975
ground-sumac,Sumac (ground),oz,,,,,,,,,,,,,,,,,,,,,6.395,,,,6.395,,,,,,,,,,
lemongrass-paste,Lemongrass Paste,oz,,,,,,,,,,,,,,,,,,,,,1.2475,,,,1.2475,,,,,,,,,,
lamb-shoulder,Lamb shoulder,lb,,,,,,,,,,,,,,,,,,,,,14.49,,,,14.49,,,,,,,,,,
mirin,Mirin (Sweet Cooking Wine),floz,,,,,,,,,,,,,,,,,,,,,0.549,0.529,2026-08-24,2026-10-18,0.529,,,,,,0.2642,,,,0.2642
mexican-chorizo-fresh,Mexican Pork Chorizo (Fresh),lb,,,,,,,,,,,,,,,,,,,,,3.5467,,,,3.5467,,,,,,2.6786,,,,2.6786
kosher-salt,Kosher Salt,oz,,,,,,,,,,,0.1123,,,,0.1123,,,,,,0.0727,,,,0.0727,,,,,,0.0629,,,,0.0629
jicama,Jicama,lb,,,,,,,,,,,2.99,,,,2.99,,,,,,1.69,,,,1.69,,,,,,1.9702,,,,1.9702
japanese-curry-roux,Japanese Curry Roux,oz,,,,,,,,,,,,,,,,,,,,,1.2469,1.1531,2026-08-24,2026-10-18,1.1531,,,,,,0.9281,,,,0.9281
kale,Kale,each,1.99,,,,1.99,,,,,,,,,,,,,,,,1.99,,,,1.99,,,,,,1.62,,,,1.62
kalamata-olives,Kalamata Olives,oz,,,,,,,,,,,0.8817,,,,0.8817,,,,,,0.4271,,,,0.4271,,,,,,0.5232,,,,0.5232
frozen-lima-beans,Frozen Lima Beans,oz,,,,,,,,,,,,,,,,0.1681,0.1238,2026-09-17,2026-10-17,0.1238,,,,,,,,,,,0.1238,,,,0.1238
fresh-parsley,Fresh Parsley (bunch),each,,,,,,,,,,,,,,,,1.49,,,,1.49,,,,,,,,,,,1.77,,,,1.77
wild-rice,Wild Rice,oz,0.6869,,,,0.6869,,,,,,,,,,,,,,,,,,,,,,,,,,,,,,
five-spice-powder,Chinese Five Spice,oz,5.7086,,,,5.7086,,,,,,,,,,,,,,,,,,,,,,,,,,,,,,
dried-ancho-chiles,Dried Ancho Chiles,oz,,,,,,,,,,,0.5619,,,,0.5619,,,,,,,,,,,,,,,,,,,,
peanut-oil,Peanut oil,floz,,,,,,,,,,,0.1523,,,,0.1523,,,,,,,,,,,,,,,,0.1345,,,,0.1345
yellow-squash,Yellow Squash,lb,,,,,,,,,,,1.99,,,,1.99,,,,,,,,,,,,,,,,1.52,,,,1.52
leeks,Leeks,each,,,,,,,,,,,3.99,,,,3.99,,,,,,,,,,,,,,,,,,,,
caraway-seeds,Caraway Seeds,oz,,,,,,,,,,,5.1,,,,5.1,,,,,,,,,,,,,,,,2.4222,,,,2.4222
habanero-peppers,Habanero Peppers,lb,,,,,,,,,,,,,,,,,,,,,,,,,,,,,,,13.84,,,,13.84
lasagna-noodles,Lasagna Noodles,oz,,,,,,,,,,,,,,,,,,,,,,,,,,,,,,,0.1175,,,,0.1175
achiote-paste,Achiote Paste,oz,,,,,,,,,,,,,,,,,,,,,,,,,,,,,,,0.6629,,,,0.6629
shawarma-spice-blend,Shawarma Spice Blend,oz,,,,,,,,,,,,,,,,,,,,,,,,,,,,,,,1.1314,,,,1.1314
fresh-sweet-italian-turkey-sausage,Fresh Sweet Italian Turkey Sausage,oz,,,,,,,,,,,,,,,,,,,,,,,,,,,,,,,0.3,,,,0.3
crushed-thai-chili,Crushed Thai Chili,oz,,,,,,,,,,,,,,,,,,,,,,,,,,,,,,,2.5036,,,,2.5036
fresh-stir-fry-blend,Stir-Fry Vegetable Blend (fresh),oz,0.2492,,,,0.2492,,,,,,,,,,,,,,,,,,,,,,,,,,,,,,
whole-wheat-flour,Whole Wheat Flour,lb,,,,,,,,,,,,,,,,,,,,,,,,,,,,,,,1.124,,,,1.124
cardamom,Cardamom,oz,,,,,,,,,,,,,,,,,,,,,,,,,,,,,,,5.3543,,,,5.3543
sweet-soy-sauce,Sweet Soy Sauce (Kecap Manis),floz,,,,,,,,,,,,,,,,,,,,,0.399,,,,0.399,,,,,,,,,,
snow-peas,Snow Peas / Pea Pods (fresh),oz,,,,,,,,,,,,,,,,,,,,,0.3738,,,,0.3738,,,,,,,,,,
toasted-sesame-seeds,Sesame Seeds,oz,4.3435,,,,4.3435,,,,,,2.6533,,,,2.6533,,,,,,1.5354,1.4431,2026-08-24,2026-10-18,1.4431,,,,,,0.7789,,,,0.7789
tahini,Tahini (Sesame Paste),oz,,,,,,,,,,,,,,,,0.5619,,,,0.5619,0.4556,0.4396,2026-08-12,2026-09-29,0.4396,,,,,,0.4044,,,,0.4044
salt-pork,Salt Pork,lb,,,,,,,,,,,,,,,,,,,,,5.9867,,,,5.9867,,,,,,,,,,
rotisserie-chicken,Rotisserie Chicken,each,8.99,,,,8.99,,,,,,7.99,,,,7.99,,,,,,8.99,,,,8.99,,,,,,3.97,,,,3.97
rice-vinegar,Rice Vinegar,floz,,,,,,,,,,,0.4492,,,,0.4492,,,,,,0.2908,0.2492,2026-09-02,2026-09-29,0.2492,,,,,,0.2433,,,,0.2433
rye-bread,Rye Bread (loaf),oz,,,,,,,,,,,0.2772,,,,0.2772,,,,,,0.1454,0.1246,2026-09-09,2026-11-03,0.1246,,,,,,0.1142,,,,0.1142
rutabagas,Rutabagas,lb,,,,,,,,,,,2.19,,,,2.19,,,,,,1.99,,,,1.99,,,,,,,,,,
15-bean-soup-mix,15 Bean Soup Mix,oz,,,,,,,,,,,0.1995,,,,0.1995,,,,,,,,,,,,,,,,0.1435,,,,0.1435
lo-mein-noodles,Lo Mein Noodles,oz,,,,,,,,,,,0.259,,,,0.259,,,,,,,,,,,,,,,,,,,,
kiwi,Kiwi Fruit,each,0.99,,,,0.99,,,,,,1.25,,,,1.25,,,,,,,,,,,,,,,,,,,,
frozen-brussels-sprouts,Frozen Brussels Sprouts,oz,,,,,,,,,,,0.2398,,,,0.2398,,,,,,,,,,,,,,,,0.143,,,,0.143
beef-short-ribs,Beef Short Ribs,lb,,,,,,,,,,,,,,,,,,,,,11.99,,,,11.99,,,,,,,,,,
turnips,Turnips,lb,,,,,,,,,,,3.49,,,,3.49,,,,,,2.99,,,,2.99,,,,,,2.66,,,,2.66
turnip-greens,Turnip Greens (bunch),each,,,,,,,,,,,,,,,,,,,,,1.99,,,,1.99,,,,,,,,,,
whole-cloves,Whole cloves,oz,8.792,,,,8.792,,,,,,2.99,,,,2.99,,,,,,4.392,,,,4.392,,,,,,2.4923,,,,2.4923
white-miso-paste,White Miso Paste,oz,,,,,,,,,,,,,,,,,,,,,0.5525,,,,0.5525,,,,,,,,,,
hominy,Canned Hominy,oz,,,,,,,,,,,0.1031,,,,0.1031,,,,,,0.0426,,,,0.0426,,,,,,0.0402,,,,0.0402
fresh-cranberries,Fresh Cranberries,oz,,,,,,,,,,,,,,,,,,,,,0.2591,0.3317,2026-09-21,2026-11-22,0.2591,,,,,,,,,,
limes,Limes,each,0.99,,,,0.99,,,,,,0.89,,,,0.89,0.99,,,,0.99,0.69,,,,0.69,,,,,,0.25,,,,0.25
lemons,Lemons,each,0.99,,,,0.99,,,,,,0.99,,,,0.99,,,,,,0.85,,,,0.85,,,,,,0.68,0.5,2026-09-05,2026-10-05,0.5
dried-cranberries,Dried Cranberries,oz,,,,,,,,,,,0.4162,,,,0.4162,0.3121,,,,0.3121,0.2992,,,,0.2992,,,,,,0.2483,,,,0.2483
dry-green-lentils,Dry Green Lentils,oz,,,,,,,,,,,,,,,,,,,,,0.1869,,,,0.1869,,,,,,,,,,
fresh-oregano,Fresh Oregano,oz,,,,,,,,,,,,,,,,,,,,,4.98,,,,4.98,,,,,,,,,,
dried-dill,Dill Weed (dried),oz,6.76,,,,6.76,,,,,,3.78,,,,3.78,6.0172,,,,6.0172,5.9189,,,,5.9189,,,,,,2.96,,,,2.96
dried-arbol-chiles,Dried Arbol Chiles,oz,,,,,,,,,,,0.6738,,,,0.6738,,,,,,2.145,,,,2.145,,,,,,,,,,
creamy-cilantro-lime-dressing,Creamy Cilantro Lime Dressing,floz,,,,,,,,,,,,,,,,0.4158,,,,0.4158,0.3742,0.3575,2026-08-10,2026-10-04,0.3575,,,,,,0.3333,,,,0.3333
chili-crisp,Chili Crisp,oz,,,,,,,,,,,1.2488,,,,1.2488,,,,,,0.9446,3.9971,2026-09-16,2026-10-13,0.9446,,,,,,0.671,,,,0.671
cornmeal,Cornmeal,oz,,,,,,,,,,,,,,,,0.1454,,,,0.1454,0.0954,,,,0.0954,,,,,,0.0546,,,,0.0546
creme-fraiche,Creme Fraiche,oz,,,,,,,,,,,,,,,,,,,,,0.8738,,,,0.8738,,,,,,,,,,
cumin-seeds,Cumin seeds,oz,,,,,,,,,,,,,,,,,,,,,1.1633,,,,1.1633,,,,,,,,,,
saffron,Saffron,oz,,,,,,,,,,,,,,,,,,,,,966.3333,,,,966.3333,,,,,,,,,,
grits,Grits (quick),oz,,,,,,,,,,,0.1871,,,,0.1871,0.1246,,,,0.1246,0.1662,,,,0.1662,,,,,,0.135,,,,0.135
plain-soy-tempeh,Plain Soy Tempeh,oz,,,,,,,,,,,,,,,,,,,,,0.5362,,,,0.5362,,,,,,,,,,
daiya-mozzarella-style-shreds,Daiya Mozzarella Style Shreds,oz,,,,,,,,,,,,,,,,,,,,,0.6324,,,,0.6324,,,,,,,,,,
anaheim-peppers,Anaheim Peppers,lb,,,,,,,,,,,4.99,,,,4.99,,,,,,1.49,,,,1.49,,,,,,2.94,,,,2.94
corned-beef-hash,Corned Beef Hash (canned),oz,0.335,,,,0.335,0.2064,,,,0.2064,0.2193,,,,0.2193,0.3207,,,,0.3207,0.3207,,,,0.3207,,,,,,0.2121,,,,0.2121
serrano-peppers,Serrano Peppers,lb,,,,,,,,,,,4.49,,,,4.49,,,,,,4.99,,,,4.99,,,,,,6.4,,,,6.4
poblano-peppers,Poblano Peppers (fresh),lb,,,,,,,,,,,,,,,,2.99,,,,2.99,3.49,,,,3.49,,,,,,3.26,,,,3.26
apple-cider-vinegar,Apple Cider Vinegar,floz,,,,,,0.1403,,,,0.1403,0.0889,,,,0.0889,0.0546,,,,0.0546,0.0546,0.1247,2026-09-16,2026-11-10,0.0546,,,,,,0.0738,,,,0.0738
baby-potatoes,Baby Potatoes,lb,,,,,,2.1933,,,,2.1933,3.3267,,,,3.3267,,,,,,2,,,,2,,,,,,2.52,,,,2.52
canned-salmon,Canned Salmon,oz,0.536,,,,0.536,0.2637,,,,0.2637,0.4061,,,,0.4061,,,,,,0.3044,,,,0.3044,,,,,,0.2556,,,,0.2556
bottled-marinade,Meat Marinade (bottled),floz,,,,,,0.4362,,,,0.4362,0.2278,,,,0.2278,,,,,,0.1992,0.1667,2026-09-09,2026-11-03,0.1667,,,,,,0.2106,,,,0.2106
tea-bags,Tea Bags,each,,,,,,0.0645,,,,0.0645,0.0699,,,,0.0699,0.0599,,,,0.0599,0.0239,0.0718,2026-08-17,2026-10-11,0.0239,,,,,,0.0204,,,,0.0204
ground-coriander,Coriander (ground),oz,5.592,,,,5.592,,,,,,3.9941,,,,3.9941,2.6157,,,,2.6157,1.69,,,,1.69,,,,,,2.9067,,,,2.9067
cocktail-sauce,Cocktail Sauce,oz,0.2075,,,,0.2075,,,,,,0.2325,,,,0.2325,,,,,,0.1658,0.5408,2026-09-16,2026-10-13,0.1658,,,,,,0.2267,,,,0.2267
eggplant,Eggplant (each),each,,,,,,,,,,,2.49,,,,2.49,,,,,,1.69,,,,1.69,,,,,,,,,,
fennel,Fennel Bulb,each,,,,,,,,,,,,,,,,,,,,,3.99,,,,3.99,,,,,,,,,,
tartar-sauce,Tartar Sauce,floz,0.2483,,,,0.2483,,,,,,0.2325,,,,0.2325,,,,,,0.2078,,,,0.2078,,,,,,0.14,,,,0.14
canned-potatoes,Canned Potatoes,oz,,,,,,,,,,,,,,,,,,,,,0.0727,,,,0.0727,,,,,,0.1152,,,,0.1152
chipotle-adobo,Chipotle Peppers in Adobo,oz,,,,,,,,,,,0.3053,,,,0.3053,,,,,,0.2129,,,,0.2129,,,,,,0.24,,,,0.24
fish-sauce,Fish Sauce,floz,,,,,,,,,,,0.9271,,,,0.9271,0.4986,,,,0.4986,0.8861,0.8565,2026-08-17,2026-10-11,0.8565,,,,,,0.713,,,,0.713
chili-garlic-sauce,Chili Garlic Sauce,oz,,,,,,,,,,,0.7488,,,,0.7488,,,,,,0.3113,,,,0.3113,,,,,,0.5337,,,,0.5337
frozen-cauliflower-florets,Frozen Cauliflower Florets,oz,,,,,,,,,,,0.2492,,,,0.2492,,,,,,0.212,,,,0.212,,,,,,0.1017,,,,0.1017
fresh-sage,Fresh Sage,oz,,,,,,,,,,,5.98,,,,5.98,,,,,,4.98,,,,4.98,,,,,,,,,,
furniture-polish,Furniture Polish / Dusting Spray,oz,0.7206,,,,0.7206,,,,,,0.7206,,,,0.7206,0.2792,,,,0.2792,0.5832,,,,0.5832,,,,,,0.3738,,,,0.3738
frozen-mixed-peppers,Frozen Sliced Mixed Peppers,oz,,,,,,,,,,,,,,,,0.2076,0.1382,2026-09-28,2026-10-03,0.1382,0.131,,,,0.131,,,,,,0.142,,,,0.142
corn-dogs,Corn Dogs (frozen),each,0.8067,,,,0.8067,,,,,,0.6244,,,,0.6244,0.7494,,,,0.7494,0.4994,,,,0.4994,,,,,,0.4356,,,,0.4356
chicken-livers,Chicken Livers,lb,,,,,,,,,,,2.19,,,,2.19,,,,,,1.992,,,,1.992,,,,,,1.51,,,,1.51
southern-mixed-greens,Southern-Style Mixed Greens,oz,,,,,,,,,,,,,,,,,,,,,0.1219,,,,0.1219,,,,,,0.0933,,,,0.0933
collard-greens,Collard Greens (bunch),each,,,,,,,,,,,,,,,,,,,,,1.99,,,,1.99,,,,,,,,,,
coconut-aminos,Coconut Aminos,floz,,,,,,,,,,,,,,,,,,,,,0.599,,,,0.599,,,,,,0.628,,,,0.628
gochujang,Gochujang (Korean Chili Paste),oz,,,,,,,,,,,,,,,,,,,,,0.4248,,,,0.4248,,,,,,0.2904,,,,0.2904
glass-cleaner,Glass Cleaner,floz,,,,,,,,,,,0.0812,,,,0.0812,0.1244,,,,0.1244,0.115,,,,0.115,,,,,,0.0713,,,,0.0713
ground-allspice,Allspice (ground),oz,4.9889,,,,4.9889,,,,,,1.69,,,,1.69,1.245,0.84,2026-09-17,2026-10-17,0.84,2.089,,,,2.089,,,,,,4.0778,,,,4.0778
grapefruit,Grapefruit,each,,,,,,,,,,,1.99,,,,1.99,,,,,,1.5,,,,1.5,,,,,,1.36,,,,1.36
gingersnaps,Gingersnap Cookies,oz,,,,,,,,,,,0.2211,,,,0.2211,0.6738,,,,0.6738,0.2492,,,,0.2492,,,,,,0.4038,,,,0.4038
shallots,Shallots,lb,,,,,,,,,,,5.99,,,,5.99,,,,,,3.99,,,,3.99,,,,,,2.88,,,,2.88
garam-masala,Garam Masala,oz,,,,,,,,,,,3.6611,,,,3.6611,,,,,,2.6862,,,,2.6862,,,,,,,,,,
garlic-infused-olive-oil,Garlic-Infused Olive Oil,floz,,,,,,,,,,,,,,,,,,,,,1.0994,,,,1.0994,,,,,,,,,,
green-onions,Green Onions (bunch),each,1.5,0.99,,,0.99,,,,,,1.29,,,,1.29,0.99,,,,0.99,1.19,,,,1.19,,,,,,1.17,,,,1.17
arugula,Arugula,oz,,,,,,,,,,,,,,,,,,,,,0.698,,,,0.698,,,,,,0.628,,,,0.628
artichokes,"Artichokes (fresh, whole)",each,,,,,,,,,,,,,,,,,,,,,3.49,,,,3.49,,,,,,,,,,
nutritional-yeast,Nutritional Yeast,oz,,,,,,,,,,,,,,,,,,,,,1.4422,1.6644,2026-08-03,2026-10-04,1.4422,,,,,,1.034,,,,1.034
canned-asparagus,Canned Asparagus,oz,,,,,,,,,,,0.2062,,,,0.2062,,,,,,0.1786,,,,0.1786,,,,,,0.1766,,,,0.1766
apricots,Apricots,lb,,,,,,,,,,,,,,,,,,,,,10.495,,,,10.495,,,,,,4.34,,,,4.34
acorn-squash,Acorn Squash,lb,,,,,,,,,,,1.99,,,,1.99,,,,,,1.49,,,,1.49,,,,,,1.5398,,,,1.5398
couscous,Couscous,oz,,,,,,,,,,,,,,,,0.2912,,,,0.2912,0.3392,0.3015,2026-08-24,2026-10-18,0.3015,,,,,,0.2058,,,,0.2058
parchment-paper,Parchment Paper,each,,,,,,,,,,,3.29,,,,3.29,,,,,,3.99,,,,3.99,,,,,,2.96,,,,2.96
adobo-seasoning,Adobo seasoning,oz,,,,,,,,,,,0.3129,,,,0.3129,,,,,,0.3113,,,,0.3113,,,,,,,,,,
buttermilk,Buttermilk,floz,0.0934,,,,0.0934,,,,,,0.0872,,,,0.0872,,,,,,0.078,,,,0.078,,,,,,0.054,,,,0.054
bulgur-wheat,Bulgur Wheat (dry),oz,,,,,,,,,,,,,,,,,,,,,0.1996,,,,0.1996,,,,,,0.2017,,,,0.2017
canned-butter-beans,Canned Butter Beans,oz,,,,,,,,,,,0.0897,,,,0.0897,,,,,,0.2327,,,,0.2327,,,,,,0.0748,,,,0.0748
blackened-seasoning,Blackened Seasoning,oz,,,,,,,,,,,,,,,,,,,,,1.3523,,,,1.3523,,,,,,,,,,
brown-rice,Brown Rice,lb,1.745,,,,1.745,,,,,,1.19,,,,1.19,,,,,,0.895,,,,0.895,,,,,,0.88,,,,0.88
beets,Beets (fresh),lb,,,,,,,,,,,5.32,,,,5.32,,,,,,2.49,,,,2.49,,,,,,3.12,,,,3.12
plantains,Plantains,each,,,,,,,,,,,,,,,,,,,,,0.75,,,,0.75,,,,,,,,,,
broccolini,Broccolini / Baby Broccoli,each,,,,,,,,,,,,,,,,,,,,,3.99,,,,3.99,,,,,,,,,,
bok-choy,Bok Choy,lb,,,,,,,,,,,,,,,,,,,,,2.49,,,,2.49,,,,,,,,,,
paper-napkins,Paper Napkins,each,0.0164,,,,0.0164,0.009,,,,0.009,0.0214,,,,0.0214,0.0174,0.015,2026-09-17,2026-10-17,0.015,0.0092,0.0175,2026-07-27,2026-10-18,0.0092,0.0059,,,,0.0059,0.007,,,,0.007
taco-seasoning,Taco Seasoning (packet),oz,,0.99,2026-09-28,2026-11-01,0.99,0.46,,,,0.46,0.792,,,,0.792,,,,,,0.5,1.99,2026-08-10,2026-10-04,0.5,0.698,0.598,2026-09-19,2026-10-19,0.598,0.47,,,,0.47
white-wine,White Wine,floz,,0.5516,2026-09-28,2026-10-04,0.5516,0.1558,,,,0.1558,0.3365,,,,0.3365,,,,,,0.1571,0.2068,2026-09-18,2026-11-03,0.1571,0.3734,0.4913,2026-09-21,2026-10-21,0.3734,0.1561,,,,0.1561
donuts,Donuts,each,,1.3333,2026-09-28,2026-11-01,1.3333,,,,,,0.5317,,,,0.5317,,,,,,0.4167,0.5,2026-09-16,2026-10-13,0.4167,0.6933,,,,0.6933,0.3308,,,,0.3308
brown-gravy-mix,Brown Gravy Mix (dry packet),oz,,0.99,2026-09-28,2026-11-01,0.99,0.5517,,,,0.5517,0.6782,,,,0.6782,,,,,,0.5431,,,,0.5431,0.2562,,,,0.2562,0.4605,,,,0.4605
cat-litter,Cat Litter,lb,0.3596,0.2796,2026-09-28,2026-10-04,0.2796,0.4421,,,,0.4421,0.4345,,,,0.4345,0.3495,0.789,2026-09-28,2026-10-03,0.3495,0.2995,,,,0.2995,0.459,,,,0.459,0.268,,,,0.268
aluminum-foil,Aluminum Foil,sq_ft,0.0648,0.0887,2026-09-28,2026-10-04,0.0648,,,,,,0.065,,,,0.065,0.133,,,,0.133,0.1398,,,,0.1398,,,,,,,,,,
facial-tissues,Facial Tissues,each,,0.0327,2026-09-28,2026-10-04,0.0327,0.0149,,,,0.0149,0.0124,0.0215,2026-09-27,2026-10-03,0.0124,0.0181,0.012,2026-09-28,2026-10-03,0.012,0.0124,,,,0.0124,0.008,0.009,2026-09-26,2026-10-26,0.008,0.0137,,,,0.0137
dishwasher-detergent,Dishwasher Detergent (pacs),each,,0.184,2026-09-28,2026-10-04,0.184,,,,,,0.2788,0.2672,2026-09-27,2026-10-03,0.2672,0.2966,0.2197,2026-08-30,2026-09-29,0.2197,0.2649,0.3431,2026-09-23,2026-10-06,0.2649,0.1362,,,,0.1362,0.1212,,,,0.1212
trash-bags,Trash Bags (13 gal),each,,0.1661,2026-09-28,2026-10-04,0.1661,0.1082,,,,0.1082,,0.1616,2026-09-27,2026-10-03,0.1616,0.1763,,,,0.1763,0.1624,0.209,2026-09-23,2026-10-06,0.1624,0.3748,0.3498,2026-09-25,2026-10-25,0.3498,0.1006,,,,0.1006
tortillas,Tortillas (flour),each,,0.125,2026-09-28,2026-11-01,0.125,0.0925,,,,0.0925,0.199,,,,0.199,0.2158,0.3738,2026-09-28,2026-10-03,0.2158,0.1681,0.2145,2026-09-16,2026-10-13,0.1681,0.123,,,,0.123,0.106,,,,0.106
dinner-rolls,Dinner Rolls,each,0.4158,0.6667,2026-09-28,2026-11-01,0.4158,0.2042,,,,0.2042,0.3325,,,,0.3325,0.4575,0.3317,2026-09-28,2026-10-03,0.3317,0.2742,0.6238,2026-09-19,2026-10-13,0.2742,0.1658,,,,0.1658,0.205,,,,0.205
shaving-cream,Shaving Cream,oz,,0.3131,2026-09-28,2026-11-01,0.3131,,,,,,0.3557,,,,0.3557,0.3173,0.2718,2026-09-27,2026-10-03,0.2718,0.299,,,,0.299,0.3733,,,,0.3733,0.198,,,,0.198
pretzels,Pretzels,oz,0.1993,0.4433,2026-09-28,2026-11-01,0.1993,0.1369,,,,0.1369,0.1619,0.3052,2026-09-27,2026-10-03,0.1619,,,,,,0.1667,0.3744,2026-09-23,2026-10-06,0.1667,0.2513,0.2566,2026-09-19,2026-10-19,0.2513,0.1525,,,,0.1525
gruyere,Gruyere Cheese,oz,,1.665,2026-09-28,2026-11-01,1.665,0.3362,,,,0.3362,0.9988,,,,0.9988,1.7488,,,,1.7488,0.4362,,,,0.4362,,,,,,0.3814,,,,0.3814
pork-shoulder,Pork Shoulder / Butt,lb,2.99,2.68,2026-09-28,2026-11-01,2.68,1.99,,,,1.99,4.49,,,,4.49,1.88,5.3333,2026-09-28,2026-10-03,1.88,2.99,2.99,2026-09-23,2026-09-29,2.99,3.87,,,,3.87,2.24,2.9702,2026-08-31,2026-09-30,2.24
broccoli,Broccoli (fresh),lb,,1.9969,2026-09-28,2026-11-01,1.9969,2.09,,,,2.09,3.49,4,2026-09-27,2026-10-03,3.49,3.0743,2.48,2026-09-28,2026-10-03,2.48,2.19,,,,2.19,2.33,,,,2.33,2.2401,,,,2.2401
shredded-cheese,Shredded / Block Cheese,oz,0.31,0.7843,2026-09-28,2026-11-01,0.31,0.1966,,,,0.1966,0.2466,0.625,2026-09-27,2026-10-03,0.2466,,,,,,0.2278,,,,0.2278,0.1605,0.5754,2026-09-19,2026-10-19,0.1605,0.2155,0.3338,2026-08-31,2026-09-30,0.2155
chuck-roast,Chuck Roast,lb,10.99,9.99,2026-09-28,2026-11-01,9.99,6.99,,,,6.99,10.99,6.99,2026-09-27,2026-10-03,6.99,7.99,7.99,2026-09-28,2026-10-03,7.99,9.99,,,,9.99,7.47,,,,7.47,7.9689,,,,7.9689
potato-gnocchi,Potato Gnocchi,oz,0.1869,0.2056,2026-09-28,2026-10-04,0.1869,0.1074,,,,0.1074,0.3119,,,,0.3119,0.2494,,,,0.2494,0.1869,,,,0.1869,,,,,,0.1642,,,,0.1642
hummus,Hummus,oz,0.3738,0.419,2026-09-28,2026-10-04,0.3738,0.2488,,,,0.2488,0.449,0.399,2026-09-27,2026-10-03,0.399,0.4362,0.3725,2026-09-17,2026-10-17,0.3725,0.2941,,,,0.2941,0.1395,,,,0.1395,0.287,,,,0.287
protein-bars,Protein Bars,each,0.656,0.638,2026-09-28,2026-11-01,0.638,0.4125,,,,0.4125,2.165,2.392,2026-09-27,2026-10-03,2.165,,1.798,2026-09-28,2026-10-03,1.798,0.599,1.398,2026-09-23,2026-09-29,0.599,0.4993,0.6483,2026-09-19,2026-10-19,0.4993,0.5313,0.994,2026-08-31,2026-09-30,0.5313
tortilla-chips,Tortilla Chips,oz,0.2069,0.2908,2026-09-28,2026-10-04,0.2069,0.1654,,,,0.1654,0.1915,0.2859,2026-09-27,2026-10-03,0.1915,0.2173,0.2838,2026-09-28,2026-10-03,0.2173,0.1494,0.2767,2026-09-23,2026-11-03,0.1494,0.1446,0.1694,2026-09-19,2026-10-19,0.1446,0.143,0.3308,2026-08-31,2026-09-30,0.143
ice-cream,Ice Cream,floz,0.0584,0.0935,2026-09-28,2026-10-04,0.0584,0.0499,,,,0.0499,0.0663,0.104,2026-09-27,2026-10-03,0.0663,,0.0545,2026-09-28,2026-10-03,0.0545,0.0623,0.0831,2026-09-23,2026-09-29,0.0623,0.05,,,,0.05,0.0566,,,,0.0566
bbq-sauce,BBQ Sauce,oz,0.1267,0.1143,2026-09-28,2026-10-04,0.1143,0.0939,,,,0.0939,0.1106,,,,0.1106,0.1372,0.112,2026-08-30,2026-09-29,0.112,0.1106,0.2383,2026-09-23,2026-10-13,0.1106,0.0873,,,,0.0873,0.0872,0.0743,2026-08-31,2026-09-30,0.0743
canned-tuna,Canned Tuna,oz,0.19,0.1995,2026-09-28,2026-10-04,0.19,0.19,,,,0.19,0.598,,,,0.598,,,,,,0.1908,0.176,2026-09-23,2026-09-29,0.176,0.3954,0.3698,2026-09-03,2026-10-03,0.3698,0.199,0.2,2026-08-31,2026-09-30,0.199
frozen-vegetables,Frozen Mixed Vegetables,oz,0.0817,0.1033,2026-09-28,2026-10-04,0.0817,0.0817,,,,0.0817,0.0996,0.0833,2026-09-27,2026-10-03,0.0833,0.1247,0.0919,2026-08-31,2026-09-30,0.0919,0.0997,0.0874,2026-09-09,2026-11-03,0.0874,,,,,,0.0806,,,,0.0806
cottage-cheese,Cottage Cheese,oz,0.1325,0.1681,2026-09-28,2026-10-04,0.1325,0.1188,,,,0.1188,0.1538,0.25,2026-09-27,2026-10-03,0.1538,0.1642,,,,0.1642,0.1206,,,,0.1206,0.1327,,,,0.1327,0.1138,,,,0.1138
frozen-cauliflower-rice,Frozen Cauliflower Rice,oz,,0.3518,2026-09-28,2026-10-04,0.3518,0.1492,,,,0.1492,,,,,,,,,,,,,,,,,,,,,0.1867,,,,0.1867
coconut-oil,Coconut Oil,oz,0.5707,0.4636,2026-09-28,2026-10-04,0.4636,0.3707,,,,0.3707,0.3207,,,,0.3207,0.5993,,,,0.5993,0.3263,,,,0.3263,0.1961,,,,0.1961,0.2443,0.432,2026-08-31,2026-09-30,0.2443
quinoa-uncooked,Uncooked Quinoa,oz,,0.2806,2026-09-28,2026-10-04,0.2806,0.2094,,,,0.2094,,,,,,,,,,,0.2494,0.3632,2026-08-24,2026-10-18,0.2494,,,,,,0.215,,,,0.215
sugar,Granulated Sugar,lb,0.7725,2.66,2026-09-28,2026-10-04,0.7725,0.6975,,,,0.6975,0.8975,,,,0.8975,0.81,,,,0.81,0.6596,,,,0.6596,0.5992,,,,0.5992,0.7296,,,,0.7296
frozen-fruit,Frozen Fruit / Berries,oz,0.4992,0.1873,2026-09-28,2026-11-01,0.1873,0.1579,,,,0.1579,0.2748,,,,0.2748,0.3431,,,,0.3431,0.1561,0.2498,2026-09-23,2026-10-06,0.1561,0.1334,,,,0.1334,0.1472,,,,0.1472
salmon,Salmon (fillets),lb,6.392,12.99,2026-09-28,2026-10-04,6.392,5.725,,,,5.725,10.49,11.99,2026-09-27,2026-10-03,10.49,7.992,8.99,2026-09-28,2026-10-03,7.992,9.99,7.992,2026-08-19,2026-10-13,7.992,9.98,,,,9.98,8.9651,8.87,2026-08-31,2026-09-30,8.87
sauerkraut,Sauerkraut (canned/jarred),oz,,0.2494,2026-09-28,2026-10-04,0.2494,0.0579,,,,0.0579,0.1174,,,,0.1174,0.1028,,,,0.1028,0.0959,0.0716,2026-09-05,2026-10-13,0.0716,,,,,,0.0767,,,,0.0767
strawberries,Strawberries,oz,,0.299,2026-09-28,2026-10-04,0.299,0.1431,,,,0.1431,0.3119,0.399,2026-09-27,2026-10-03,0.3119,,,,,,0.2341,0.2188,2026-09-23,2026-09-29,0.2188,0.2231,,,,0.2231,0.1944,,,,0.1944
blueberries,Blueberries,oz,,0.299,2026-09-28,2026-10-04,0.299,0.2056,,,,0.2056,0.3883,,,,0.3883,0.8153,0.6,2026-09-28,2026-10-03,0.6,0.3883,,,,0.3883,0.5461,,,,0.5461,0.4344,,,,0.4344
corn-chips,Corn Chips (Fritos class),oz,,,,,,0.2043,,,,0.2043,0.2554,0.3135,2026-09-27,2026-10-03,0.2554,0.2488,,,,0.2488,0.2041,0.1929,2026-09-12,2026-10-06,0.1929,0.2472,,,,0.2472,0.213,,,,0.213
baked-beans,Baked Beans,oz,,,,,,0.0711,,,,0.0711,0.0925,0.0893,2026-09-27,2026-10-03,0.0893,,,,,,0.0782,,,,0.0782,0.0733,,,,0.0733,0.0747,,,,0.0747
ground-turkey,Ground Turkey,lb,6.99,,,,6.99,2.6633,,,,2.6633,5.99,5.99,2026-09-27,2026-10-03,5.99,5.49,,,,5.49,3.3333,3.49,2026-09-23,2026-09-29,3.3333,4.554,,,,4.554,3.8213,,,,3.8213
fresh-dill,Fresh Dill,oz,,,,,,,,,,,5.98,3.98,2026-09-27,2026-10-03,3.98,,,,,,,,,,,,,,,,3.84,,,,3.84
frozen-burritos,Frozen Burritos,each,,,,,,0.4738,,,,0.4738,,0.6272,2026-09-27,2026-10-03,0.6272,0.7136,0.6421,2026-09-17,2026-10-17,0.6421,0.7488,1.7475,2026-09-16,2026-09-29,0.7488,,,,,,0.4775,,,,0.4775
spinach,Spinach (fresh),oz,,,,,,0.2233,,,,0.2233,0.499,0.698,2026-09-27,2026-10-03,0.499,0.269,0.198,2026-09-23,2026-10-23,0.198,0.249,,,,0.249,0.2975,,,,0.2975,0.2,,,,0.2
bottled-water,Bottled Water (24-pack),each,0.2079,,,,0.2079,0.1329,,,,0.1329,0.1662,0.1875,2026-09-27,2026-10-03,0.1662,0.1871,0.1612,2026-09-27,2026-10-27,0.1612,0.1538,0.1388,2026-09-16,2026-09-29,0.1388,0.107,0.5544,2026-09-21,2026-10-21,0.107,0.1533,0.1033,2026-08-31,2026-09-30,0.1033
ketchup,Ketchup,oz,0.0784,,,,0.0784,0.0513,,,,0.0513,0.0662,0.1562,2026-09-27,2026-10-03,0.0662,,,,,,0.0526,0.0745,2026-08-29,2026-11-03,0.0526,0.0832,,,,0.0832,0.0512,,,,0.0512
red-potatoes,Red Potatoes,lb,1.49,,,,1.49,0.778,,,,0.778,1.198,0.4392,2026-09-27,2026-10-03,0.4392,0.998,,,,0.998,1.498,,,,1.498,0.705,,,,0.705,1.368,,,,1.368
frozen-peas,Frozen Peas,oz,0.0817,,,,0.0817,0.0808,,,,0.0808,0.0996,0.0833,2026-09-27,2026-10-03,0.0833,0.1247,0.0919,2026-09-19,2026-10-19,0.0919,0.0915,0.149,2026-09-04,2026-10-25,0.0915,,,,,,0.0775,,,,0.0775
charcoal,Charcoal Briquets,lb,0.7779,,,,0.7779,,,,,,0.8744,0.8119,2026-09-27,2026-10-03,0.8119,0.713,,,,0.713,0.5838,0.6244,2026-09-23,2026-09-29,0.5838,,,,,,0.4925,,,,0.4925
italian-dressing,Italian Dressing,floz,0.1612,,,,0.1612,0.1219,,,,0.1219,0.1538,0.3125,2026-09-27,2026-10-03,0.1538,,,,,,0.1111,0.0969,2026-09-09,2026-11-03,0.0969,0.1662,,,,0.1662,0.1103,,,,0.1103
granola-bars,Granola Bars,each,,,,,,0.175,,,,0.175,0.279,0.4167,2026-09-27,2026-10-03,0.279,0.349,0.288,2026-09-28,2026-10-03,0.288,0.2222,0.299,2026-09-16,2026-10-13,0.2222,0.1913,0.2445,2026-09-19,2026-10-19,0.1913,0.1579,,,,0.1579
frozen-fries,Frozen French Fries,oz,0.14,,,,0.14,0.0903,,,,0.0903,,0.1562,2026-09-27,2026-10-03,0.1562,0.1556,0.0934,2026-09-17,2026-10-17,0.0934,0.0911,0.0999,2026-08-29,2026-11-03,0.0911,0.067,,,,0.067,0.092,,,,0.092
cooked-shredded-chicken,Cooked Shredded Chicken,oz,,,,,,0.4369,,,,0.4369,0.8317,0.3328,2026-09-27,2026-10-03,0.3328,,,,,,0.6869,,,,0.6869,,,,,,,,,,
tater-tots,Tater Tots,oz,,,,,,0.0903,,,,0.0903,0.1872,0.1562,2026-09-27,2026-10-03,0.1562,,,,,,0.5707,,,,0.5707,0.0732,,,,0.0732,0.092,,,,0.092
pickles,Pickles (dill),oz,0.1162,,,,0.1162,0.0841,,,,0.0841,0.1162,0.1562,2026-09-27,2026-10-03,0.1162,,0.1403,2026-09-28,2026-10-03,0.1403,0.0934,0.1121,2026-08-29,2026-11-03,0.0934,0.05,,,,0.05,0.0785,,,,0.0785
hash-browns,Frozen Hash Browns,oz,0.1493,,,,0.1493,0.1152,,,,0.1152,0.1665,0.1562,2026-09-27,2026-10-03,0.1562,0.1556,,,,0.1556,0.1184,,,,0.1184,0.0984,,,,0.0984,0.1069,,,,0.1069
chickpeas,Chickpeas / Garbanzo Beans (canned),oz,0.066,,,,0.066,0.0548,0.1125,2026-09-23,2026-09-29,0.0548,0.0639,,,,0.0639,,,,,,0.0645,,,,0.0645,,,,,,0.0594,,,,0.0594
asparagus,Asparagus,lb,5.99,,,,5.99,4.11,4.11,2026-09-23,2026-09-29,4.11,6.99,,,,6.99,4.99,,,,4.99,4,,,,4,5.11,,,,5.11,6.352,,,,6.352
watermelon,Whole Watermelon,each,4.67,,,,4.67,4.65,,,,4.65,6.99,5.99,2026-09-27,2026-10-03,5.99,7.99,,,,7.99,6.99,5.99,2026-09-19,2026-10-06,5.99,6.97,,,,6.97,4.64,,,,4.64
chicken-wings,Chicken Wings,lb,4.99,3.27,2026-09-28,2026-10-04,3.27,1.6909,1.69,2026-09-23,2026-09-29,1.69,2.99,6.495,2026-09-27,2026-10-03,2.99,4.99,,,,4.99,2.5,3.196,2026-09-23,2026-11-03,2.5,2.77,,,,2.77,2.6712,2.6402,2026-08-31,2026-09-30,2.6402
paper-plates,Paper Plates,each,0.0348,0.0329,2026-09-28,2026-10-04,0.0329,0.0484,0.0484,2026-09-23,2026-09-29,0.0484,0.0679,,,,0.0679,0.0533,0.0429,2026-09-17,2026-10-17,0.0429,0.0483,0.1737,2026-08-10,2026-11-08,0.0483,0.0358,0.0899,2026-09-19,2026-10-19,0.0358,0.0417,,,,0.0417
almond-milk,Almond Milk,floz,0.0467,,,,0.0467,0.0358,0.0358,2026-09-23,2026-09-29,0.0358,0.131,,,,0.131,0.0572,0.0508,2026-09-27,2026-10-27,0.0508,0.042,,,,0.042,,,,,,0.04,,,,0.04
coffee,Coffee (ground/beans),oz,0.5262,,,,0.5262,0.403,0.6658,2026-09-23,2026-09-29,0.403,0.5087,0.1706,2026-09-27,2026-10-03,0.1706,,0.5928,2026-09-28,2026-10-03,0.5928,0.4997,0.6174,2026-09-23,2026-10-06,0.4997,0.411,,,,0.411,0.4906,,,,0.4906
zucchini,Zucchini,lb,1.99,,,,1.99,1.19,2.39,2026-09-23,2026-09-29,1.19,1.99,,,,1.99,1.99,,,,1.99,1.79,,,,1.79,,,,,,1.52,,,,1.52
avocados,Avocados,each,,,,,,0.4817,0.59,2026-09-23,2026-09-29,0.4817,1.49,,,,1.49,1.5,0.99,,,0.99,0.88,,,,0.88,0.992,,,,0.992,0.58,,,,0.58
cream-cheese,Cream Cheese,oz,0.2488,,,,0.2488,0.1812,,,,0.1812,0.2494,0.625,2026-09-27,2026-10-03,0.2494,0.3738,0.18,2026-09-28,2026-10-03,0.18,0.2056,,,,0.2056,0.1381,,,,0.1381,0.1856,,,,0.1856
yukon-gold-potatoes,Yellow / Yukon Gold Potatoes,lb,,,,,,1.86,,,,1.86,,0.4792,2026-09-27,2026-10-03,0.4792,,,,,,1.5967,,,,1.5967,0.745,,,,0.745,1.4133,,,,1.4133
potato-chips,Potato Chips,oz,0.3362,,,,0.3362,0.148,,,,0.148,0.2568,0.25,2026-09-27,2026-10-03,0.25,0.3119,0.2488,2026-08-31,2026-09-30,0.2488,0.2146,0.4992,2026-09-25,2026-09-29,0.2146,0.205,0.2547,2026-09-19,2026-10-19,0.205,0.1923,0.1852,2026-08-31,2026-09-30,0.1852
sandwich-cookies,Sandwich Cookies,oz,0.3325,,,,0.3325,0.11,,,,0.11,0.2089,0.2672,2026-09-27,2026-10-03,0.2089,0.1396,,,,0.1396,0.1116,0.1806,2026-09-02,2026-12-01,0.1116,0.175,,,,0.175,0.1112,,,,0.1112
yellow-bell-pepper,Yellow Bell Pepper,each,,,,,,,,,,,1.99,1.6667,2026-09-27,2026-10-03,1.6667,,,,,,1.67,,,,1.67,,,,,,,,,,
onions,Yellow / Sweet Onions,lb,1.33,,,,1.33,0.7967,,,,0.7967,0.998,0.4653,2026-09-27,2026-10-03,0.4653,1.33,,,,1.33,1.1633,,,,1.1633,0.9533,,,,0.9533,0.7467,,,,0.7467
russet-potatoes,Russet Potatoes,lb,,,,,,0.379,,,,0.379,0.579,0.2792,2026-09-27,2026-10-03,0.2792,,0.598,2026-09-28,2026-10-03,0.598,0.5,,,,0.5,0.582,,,,0.582,0.594,,,,0.594
sweet-potatoes,Sweet Potatoes,lb,1.49,,,,1.49,1.19,,,,1.19,1.79,0.99,2026-09-27,2026-10-03,0.99,1.49,4.792,2026-09-28,2026-10-03,1.49,1.33,,,,1.33,0.974,,,,0.974,1.48,,,,1.48
clementines,Clementines / Mandarins,lb,1.9967,,,,1.9967,1.33,,,,1.33,,1.885,2026-09-27,2026-10-03,1.885,,,,,,1.6633,1.33,2026-09-23,2026-09-29,1.33,1.53,,,,1.53,1.592,,,,1.592
celery,Celery,each,,1.98,2026-09-28,2026-10-04,1.98,2.59,,,,2.59,2.495,1.116,2026-09-27,2026-10-03,1.116,1.99,,,,1.99,2.59,,,,2.59,,,,,,2.37,,,,2.37
instant-mashed-potatoes,Instant Mashed Potatoes,oz,0.37,0.2723,2026-09-28,2026-10-04,0.2723,0.2475,,,,0.2475,0.3646,,,,0.3646,0.4854,0.3244,2026-09-28,2026-10-28,0.3244,0.1782,0.4326,2026-09-08,2026-11-01,0.1782,0.1727,,,,0.1727,0.1393,,,,0.1393
oranges,Oranges,lb,,1.99,2026-09-28,2026-10-04,1.99,1.13,,,,1.13,1.4475,,,,1.4475,0.99,,,,0.99,1.1238,,,,1.1238,1.41,,,,1.41,1.2475,,,,1.2475
apples,Apples,lb,1.99,2.48,2026-09-28,2026-10-04,1.99,0.6633,0.6633,2026-09-23,2026-09-29,0.6633,1.79,1.99,2026-09-27,2026-10-03,1.79,0.99,1.88,2026-09-28,2026-10-03,0.99,1,,,,1,1.29,,,,1.29,1.3267,1.08,2026-08-31,2026-09-30,1.08
mustard,Yellow Mustard,oz,0.0693,0.1207,2026-09-28,2026-10-04,0.0693,0.0495,0.3156,2026-09-23,2026-09-29,0.0495,0.0995,,,,0.0995,0.1145,0.0985,2026-09-28,2026-10-28,0.0985,0.0988,,,,0.0988,0.108,0.0913,2026-09-19,2026-10-19,0.0913,0.05,,,,0.05
canned-chicken,Canned Chicken Breast,oz,0.498,0.3322,2026-09-28,2026-11-01,0.3322,0.2072,,,,0.2072,0.4396,,,,0.4396,0.3192,0.2396,2026-09-28,2026-10-03,0.2396,0.2332,0.3592,2026-09-12,2026-10-06,0.2332,0.1797,0.1675,2026-09-25,2026-10-25,0.1675,0.2273,,,,0.2273
mac-and-cheese,Macaroni & Cheese (boxed),each,0.976,0.798,2026-09-28,2026-10-04,0.798,0.9225,,,,0.9225,1.5475,1.25,2026-09-27,2026-10-03,1.25,1.4158,0.9575,2026-09-28,2026-10-03,0.9575,0.758,,,,0.758,0.8589,0.8311,2026-09-25,2026-10-25,0.8311,0.8725,,,,0.8725
rice,White Rice,lb,0.938,3.98,2026-09-28,2026-10-04,0.938,0.798,,,,0.798,1,,,,1,0.899,0.799,2026-09-23,2026-10-23,0.799,0.895,1.898,2026-08-24,2026-10-18,0.895,0.6696,0.5992,2026-09-21,2026-10-21,0.5992,0.573,1.072,2026-08-31,2026-09-30,0.573
green-olives,Green Olives (stuffed),oz,,0.3461,2026-09-28,2026-10-04,0.3461,,,,,,0.549,,,,0.549,0.3805,,,,0.3805,0.2355,,,,0.2355,0.226,,,,0.226,0.28,,,,0.28
carrots,Carrots,lb,1.395,1.495,2026-09-28,2026-10-04,1.395,0.29,,,,0.29,1.145,0.458,2026-09-27,2026-10-03,0.458,0.998,,,,0.998,0.998,,,,0.998,0.944,,,,0.944,1.13,,,,1.13
cherry-tomatoes,Cherry / Grape Tomatoes,oz,0.469,0.498,2026-09-28,2026-10-04,0.469,0.199,,,,0.199,0.399,,,,0.399,0.4992,0.25,2026-09-28,2026-10-03,0.25,0.2083,,,,0.2083,0.2904,,,,0.2904,0.227,,,,0.227
sirloin-steak,Sirloin Steak,lb,10.98,10.98,2026-09-28,2026-10-04,10.98,8.99,,,,8.99,6.49,,,,6.49,,,,,,13.99,25.98,2026-09-05,2026-10-13,13.99,9.97,,,,9.97,11.9375,,,,11.9375
mushrooms,Mushrooms (white / baby bella),oz,0.3113,0.31,2026-09-28,2026-10-04,0.31,0.1862,,,,0.1862,0.2492,0.3125,2026-09-27,2026-10-03,0.2492,,,,,,0.25,,,,0.25,0.1862,,,,0.1862,0.2356,,,,0.2356
fresh-green-beans,Green Beans (fresh),lb,3.99,2.99,2026-09-28,2026-10-04,2.99,2.89,,,,2.89,4.6533,,,,4.6533,,,,,,2.19,,,,2.19,2.385,,,,2.385,1.7797,,,,1.7797
grapes,Grapes,lb,2.99,2.99,2026-09-28,2026-10-04,2.99,1.49,2.895,2026-09-23,2026-09-29,1.49,3.69,2.99,2026-09-27,2026-10-03,2.99,1.99,2.48,2026-09-28,2026-10-03,1.99,2.6633,2.99,2026-09-22,2026-09-29,2.6633,1.9567,,,,1.9567,1.9689,1.6711,2026-08-31,2026-09-30,1.6711
cantaloupe,Cantaloupe,each,3.99,3.99,2026-09-28,2026-10-04,3.99,,,,,,3.99,,,,3.99,,,,,,3.5,,,,3.5,,,,,,2.97,2.5,2026-09-05,2026-10-05,2.5
sugar-snap-peas,Sugar Snap Peas,oz,,0.4983,2026-09-28,2026-10-04,0.4983,0.3113,,,,0.3113,,,,,,,,,,,0.4056,,,,0.4056,,,,,,0.3225,,,,0.3225
pears,Pears,lb,1.99,2.99,2026-09-28,2026-10-04,1.99,0.9967,1.645,2026-09-23,2026-09-29,0.9967,4.99,,,,4.99,1.48,,,,1.48,2.645,,,,2.645,1.705,,,,1.705,2.4779,,,,2.4779
chicken-thighs,Chicken Thighs,lb,,1.99,2026-09-28,2026-10-04,1.99,1.5495,,,,1.5495,1.99,,,,1.99,3.99,,,,3.99,1.99,4.49,2026-09-10,2026-10-13,1.99,5.09,1.28,2026-09-21,2026-10-21,1.28,1.77,,,,1.77
chicken-drumsticks,Chicken Drumsticks,lb,,1.99,2026-09-28,2026-10-04,1.99,1.09,,,,1.09,,,,,,1.99,,,,1.99,1.1111,,,,1.1111,0.98,,,,0.98,0.984,,,,0.984
queso,Queso / Cheese Dip,oz,,0.3738,2026-09-28,2026-10-04,0.3738,0.1527,,,,0.1527,0.2604,0.625,2026-09-27,2026-10-03,0.2604,0.366,0.2193,2026-09-28,2026-10-03,0.2193,0.1993,0.2327,2026-09-12,2026-10-06,0.1993,0.1735,,,,0.1735,0.1007,,,,0.1007
kielbasa,Kielbasa / Smoked Sausage,lb,5.0971,5.32,2026-09-28,2026-10-04,5.0971,3.3029,,,,3.3029,4.56,,,,4.56,,,,,,3.9886,3.76,2026-09-16,2026-10-13,3.76,3.3233,,,,3.3233,2.336,,,,2.336
yogurt,Yogurt,oz,0.1317,0.065,2026-09-28,2026-10-04,0.065,0.0809,0.0872,2026-09-23,2026-09-29,0.0809,0.1317,0.104,2026-09-27,2026-10-03,0.104,0.1247,,,,0.1247,0.1091,0.3151,2026-09-23,2026-10-06,0.1091,0.0739,0.1518,2026-09-19,2026-10-19,0.0739,0.0825,,,,0.0825
butter,Butter,lb,3.99,5.98,2026-09-28,2026-10-04,3.99,2.66,,,,2.66,4.49,,,,4.49,3.98,,,,3.98,3.49,3.99,2026-09-23,2026-09-29,3.49,8.1467,,,,8.1467,2.976,,,,2.976
ground-beef-8020,80/20 Ground Beef,lb,6.99,4.97,2026-09-28,2026-10-04,4.97,5.29,,,,5.29,7.33,5.99,2026-09-27,2026-10-03,5.99,3.99,,,,3.99,6.6667,4.99,2026-09-23,2026-09-29,4.99,4.97,,,,4.97,4.943,,,,4.943
raspberries,Raspberries,oz,0.8317,0.4983,2026-09-28,2026-10-04,0.4983,0.4317,,,,0.4317,0.715,,,,0.715,0.286,0.6467,2026-09-28,2026-10-03,0.286,0.5483,0.4167,2026-09-23,2026-09-29,0.4167,0.3608,,,,0.3608,0.4867,,,,0.4867
blackberries,Blackberries,oz,,0.4983,2026-09-28,2026-10-04,0.4983,0.5317,,,,0.5317,0.6317,,,,0.6317,0.8317,0.6467,2026-09-23,2026-10-23,0.6467,0.4908,0.4167,2026-09-23,2026-09-29,0.4167,,,,,,0.4692,,,,0.4692
enchilada-sauce,Enchilada Sauce,oz,0.1139,0.169,2026-09-28,2026-10-04,0.1139,,,,,,0.159,,,,0.159,,,,,,0.0925,0.21,2026-09-26,2026-10-27,0.0925,,,,,,0.1061,,,,0.1061
whole-chicken,Whole Chicken,lb,2.49,1.88,2026-09-28,2026-10-04,1.88,1.8107,,,,1.8107,1.79,,,,1.79,,,,,,1.49,,,,1.49,2.38,,,,2.38,1.32,,,,1.32
sour-cream,Sour Cream,oz,0.1675,0.1675,2026-09-28,2026-10-04,0.1675,0.1094,,,,0.1094,0.1371,0.1162,2026-09-27,2026-10-03,0.1162,0.1665,0.1562,2026-09-28,2026-10-03,0.1562,0.1204,,,,0.1204,0.1154,,,,0.1154,0.1142,,,,0.1142
taco-sauce,Taco Sauce,oz,0.1869,0.4348,2026-09-28,2026-10-04,0.1869,,,,,,0.1619,,,,0.1619,,,,,,0.2492,0.3362,2026-07-27,2026-09-29,0.2492,0.1992,,,,0.1992,0.1112,,,,0.1112
gelatin,Gelatin (Jell-O),each,,0.88,2026-09-28,2026-10-04,0.88,0.98,,,,0.98,,,,,,,,,,,,,,,,,,,,,1.58,,,,1.58
frozen-pizza,Frozen Pizza,each,4.99,3.99,2026-09-28,2026-10-04,3.99,2.99,,,,2.99,4.99,5,2026-09-27,2026-10-03,4.99,3.99,3,2026-09-28,2026-10-03,3,3.99,3.99,2026-09-23,2026-09-29,3.99,2.6367,,,,2.6367,3.84,2.96,2026-08-31,2026-09-30,2.96
bread,Bread (loaf),each,1.99,1.99,2026-09-28,2026-10-04,1.99,1.45,2.69,2026-09-23,2026-09-29,1.45,1.99,1.99,2026-09-27,2026-10-03,1.99,2.99,1.97,2026-09-28,2026-10-03,1.97,1.19,2.69,2026-09-16,2026-11-10,1.19,2.74,,,,2.74,1.48,2.86,2026-08-31,2026-09-30,1.48
jarred-gravy,Jarred / Canned Gravy,oz,,0.5333,2026-09-28,2026-10-04,0.5333,,,,,,0.2658,,,,0.2658,,,,,,0.2658,0.2325,2026-09-16,2026-10-06,0.2325,0.0912,,,,0.0912,0.1956,,,,0.1956
bratwurst,Bratwurst,lb,5.0971,8,2026-09-28,2026-10-04,5.0971,2.3825,,,,2.3825,5.3244,,,,5.3244,5.0442,,,,5.0442,3.5467,4.2105,2026-09-11,2026-11-10,3.5467,,,,,,3.7263,2.393,2026-08-31,2026-09-30,2.393
cereal,Breakfast Cereal,oz,0.1801,0.1199,,,0.1199,0.125,0.2327,2026-09-23,2026-09-29,0.125,0.1684,0.1559,2026-09-27,2026-10-03,0.1559,,0.2492,2026-09-28,2026-10-03,0.2492,0.1111,0.1915,2026-09-23,2026-09-29,0.1111,0.1433,0.1069,2026-09-07,2026-10-07,0.1069,0.159,0.2324,2026-08-31,2026-09-30,0.159
beef-jerky,Beef Jerky,oz,2.4526,1.899,2026-09-28,2026-10-04,1.899,0.998,,,,0.998,1.4123,,,,1.4123,1.599,,,,1.599,1.3112,,,,1.3112,1.11,,,,1.11,1.1429,,,,1.1429
cake-mix,Cake Mix,each,1.29,1.47,2026-09-28,2026-10-04,1.29,1.09,,,,1.09,1.69,2,2026-09-27,2026-10-03,1.69,,,,,,1.59,,,,1.59,,,,,,0.98,1.47,2026-08-31,2026-09-30,0.98
english-muffins,English Muffins,each,0.3817,0.5483,2026-09-28,2026-10-04,0.3817,,,,,,0.4658,,,,0.4658,0.5817,0.4983,2026-09-17,2026-10-17,0.4983,0.2983,,,,0.2983,0.4483,,,,0.4483,0.27,0.5633,2026-08-31,2026-09-30,0.27
granola,Granola,oz,0.3627,0.3742,2026-09-28,2026-10-04,0.3627,0.2321,,,,0.2321,0.2825,,,,0.2825,0.285,0.47,2026-09-28,2026-10-03,0.285,0.2718,0.4082,2026-09-23,2026-10-06,0.2718,0.205,0.2421,2026-09-07,2026-10-07,0.205,0.2067,,,,0.2067
cooking-spray,Cooking Spray,oz,0.696,0.4362,2026-09-28,2026-10-04,0.4362,0.3113,,,,0.3113,0.4817,0.5483,2026-09-27,2026-10-03,0.4817,0.5612,,,,0.5612,0.3742,0.6289,2026-09-16,2026-11-10,0.3742,0.4986,,,,0.4986,0.3212,,,,0.3212
chocolate-chips,Chocolate Chips,oz,0.3325,0.368,2026-09-28,2026-10-04,0.3325,0.3042,,,,0.3042,0.3329,,,,0.3329,0.3329,,,,0.3329,0.3325,0.4158,2026-09-19,2026-09-29,0.3325,0.2219,,,,0.2219,0.2606,,,,0.2606
cheese-crackers,Cheese Crackers,oz,0.3621,0.2806,2026-09-28,2026-10-04,0.2806,0.1805,,,,0.1805,0.209,0.2823,2026-09-27,2026-10-03,0.209,0.3557,,,,0.3557,0.2331,,,,0.2331,0.1791,,,,0.1791,0.2073,0.3159,2026-08-31,2026-09-30,0.2073
black-olives,"Black Olives (canned, ripe)",oz,,0.365,2026-09-28,2026-10-04,0.365,0.265,,,,0.265,,,,,,0.3817,,,,0.3817,0.3317,,,,0.3317,,,,,,0.3283,,,,0.3283
alfredo-sauce,Alfredo Sauce,oz,0.1544,0.3432,2026-09-28,2026-10-04,0.1544,0.1167,,,,0.1167,0.2056,0.125,2026-09-27,2026-10-03,0.125,0.1994,0.1544,2026-09-28,2026-10-03,0.1544,0.1244,0.466,2026-09-02,2026-10-13,0.1244,0.1676,,,,0.1676,0.1127,,,,0.1127
pasta-sauce,Pasta Sauce (marinara),oz,0.0829,0.2253,2026-09-28,2026-10-04,0.0829,0.0704,,,,0.0704,0.0829,0.0625,2026-09-27,2026-10-03,0.0625,0.0998,0.064,2026-09-28,2026-10-03,0.064,0.0765,0.2912,2026-09-02,2026-10-13,0.0765,0.2218,,,,0.2218,0.0662,,,,0.0662
tomatoes,Tomatoes (fresh),lb,0.97,1.7029,2026-09-28,2026-10-04,0.97,0.95,,,,0.95,2.99,2.99,2026-09-27,2026-10-03,2.99,,,,,,2.49,,,,2.49,1.7867,1.6567,2026-09-20,2026-10-20,1.6567,0.9692,,,,0.9692
pizza-sauce,Pizza Sauce,oz,0.1193,0.1992,2026-09-28,2026-10-04,0.1193,0.0779,,,,0.0779,0.0993,,,,0.0993,0.0993,,,,0.0993,0.0993,0.0921,2026-09-14,2026-11-01,0.0921,0.0569,,,,0.0569,0.0653,,,,0.0653
pasta,Pasta (dry),oz,0.09,0.1244,2026-09-28,2026-10-04,0.09,0.0591,,,,0.0591,0.0744,0.0625,2026-09-27,2026-10-03,0.0625,0.1119,0.0775,2026-09-28,2026-10-28,0.0775,0.0831,0.1044,2026-09-16,2026-10-06,0.0831,0.0888,,,,0.0888,0.0606,,,,0.0606
marshmallows,Marshmallows,oz,0.155,0.0988,2026-09-28,2026-10-04,0.0988,0.115,,,,0.115,0.1244,,,,0.1244,0.1681,0.1244,2026-09-28,2026-10-03,0.1244,0.1244,0.145,2026-09-02,2026-10-27,0.1244,0.1713,,,,0.1713,0.105,,,,0.105
frosting,Frosting,oz,0.1212,0.1225,2026-09-28,2026-10-04,0.1212,0.1094,,,,0.1094,0.1431,0.125,2026-09-27,2026-10-03,0.125,0.1869,0.1244,2026-09-28,2026-10-03,0.1244,0.1369,0.1556,2026-09-12,2026-10-06,0.1369,0.0989,,,,0.0989,0.1112,,,,0.1112
coffee-creamer,Coffee Creamer,floz,0.1244,0.4402,2026-09-28,2026-10-04,0.1244,0.0841,0.0841,2026-09-23,2026-09-29,0.0841,0.1248,0.1092,2026-09-27,2026-10-03,0.1092,0.1248,0.1075,2026-09-09,2026-10-09,0.1075,0.0903,0.1875,2026-09-16,2026-09-29,0.0903,0.0861,0.114,2026-09-19,2026-10-19,0.0861,0.0866,,,,0.0866
honey,Honey,oz,0.3317,0.6242,2026-09-28,2026-10-04,0.3317,0.2079,,,,0.2079,0.2915,,,,0.2915,,0.2488,2026-09-28,2026-10-03,0.2488,0.2496,0.4059,2026-08-24,2026-11-15,0.2496,0.1829,0.3495,2026-09-01,2026-10-01,0.1829,0.2246,0.562,2026-08-31,2026-09-30,0.2246
pepperoni,Pepperoni (sliced),oz,0.4983,0.6862,2026-09-28,2026-10-04,0.4983,0.3988,,,,0.3988,0.4992,0.5619,2026-09-27,2026-10-03,0.4992,0.5948,,,,0.5948,0.4869,0.798,2026-09-09,2026-09-29,0.4869,0.1923,,,,0.1923,0.4405,,,,0.4405
shrimp,"Shrimp (frozen, raw)",lb,7.9867,12.4267,2026-09-28,2026-10-04,7.9867,7.2582,,,,7.2582,9.99,,,,9.99,7.495,9.32,2026-09-28,2026-10-03,7.495,8.99,7.99,2026-09-16,2026-10-13,7.99,7.3233,6.99,2026-09-21,2026-10-21,6.99,6.76,6.94,2026-08-31,2026-09-30,6.76
sliced-cheese,Sliced Cheese,oz,0.2494,0.4988,2026-09-28,2026-10-04,0.2494,0.1542,,,,0.1542,0.3744,,,,0.3744,0.2908,0.3744,2026-09-28,2026-10-03,0.2908,0.1967,,,,0.1967,0.1521,0.2181,2026-09-21,2026-10-21,0.1521,0.145,0.42,2026-08-31,2026-09-30,0.145
turkey-lunchmeat,Turkey (deli / sliced),oz,0.5544,0.6244,2026-09-28,2026-10-04,0.5544,0.2594,,,,0.2594,0.3564,0.4279,2026-09-27,2026-10-03,0.3564,0.4056,0.5619,2026-09-28,2026-10-03,0.4056,0.3431,0.3119,2026-09-16,2026-10-13,0.3119,0.4907,0.44,2026-09-26,2026-10-26,0.44,0.265,,,,0.265
tilapia,Tilapia Fillets,lb,9.32,7.9867,2026-09-28,2026-10-04,7.9867,4.425,,,,4.425,6.29,4.99,2026-09-27,2026-10-03,4.99,7.99,,,,7.99,5,6.99,2026-09-10,2026-10-13,5,4.88,4.2133,2026-09-21,2026-10-21,4.2133,4.3675,,,,4.3675
hot-dogs,Hot Dogs,oz,0.1067,0.2143,2026-09-28,2026-10-04,0.1067,0.0825,,,,0.0825,0.1431,0.3125,2026-09-27,2026-10-03,0.1431,0.12,0.4575,2026-09-28,2026-10-03,0.12,0.0977,0.3992,2026-09-16,2026-10-13,0.0977,0.0835,,,,0.0835,0.0833,,,,0.0833
ribeye-steak,Ribeye Steak,lb,15.99,26.6533,2026-09-28,2026-10-04,15.99,10.99,,,,10.99,22.99,25.584,2026-09-27,2026-10-03,22.99,,,,,,17.99,19.99,2026-09-09,2026-10-13,17.99,13.97,,,,13.97,14.8727,17.972,2026-08-31,2026-09-30,14.8727
chicken-breast,Boneless Skinless Chicken Breast,lb,3.99,3.99,2026-09-28,2026-10-04,3.99,1.99,,,,1.99,2.99,3.99,2026-09-27,2026-10-03,2.99,4.99,,,,4.99,2.59,5.49,2026-09-23,2026-09-29,2.59,2.48,,,,2.48,2.5684,2.2301,2026-08-31,2026-09-30,2.2301
bacon,Bacon,lb,,7.9867,2026-09-28,2026-10-04,7.9867,3.95,,,,3.95,4.99,5,2026-09-27,2026-10-03,4.99,4.996,1.596,2026-09-28,2026-10-03,1.596,4.4444,5.32,2026-09-05,2026-09-29,4.4444,4.42,,,,4.42,3.96,4.4639,2026-08-31,2026-09-30,3.96
peanut-butter,Peanut Butter,oz,0.1495,0.1448,2026-09-28,2026-10-04,0.1448,0.0863,,,,0.0863,0.1556,,,,0.1556,0.1561,0.1405,2026-09-28,2026-10-03,0.1405,0.0938,,,,0.0938,0.0972,,,,0.0972,0.095,,,,0.095
crackers,Crackers (saltine/buttery),oz,0.1156,0.3973,2026-09-28,2026-10-04,0.1156,0.1156,,,,0.1156,0.1556,0.2439,2026-09-27,2026-10-03,0.1556,0.1862,0.5606,2026-09-28,2026-10-03,0.1862,0.1181,0.1769,2026-09-09,2026-11-03,0.1181,0.155,,,,0.155,0.1175,,,,0.1175
flour,All-Purpose Flour,lb,,0.576,2026-09-28,2026-10-04,0.576,0.39,,,,0.39,0.5596,,,,0.5596,0.628,0.499,2026-09-17,2026-10-17,0.499,0.479,0.949,2026-09-09,2026-11-03,0.479,0.4072,0.56,2026-09-27,2026-10-27,0.4072,0.4328,,,,0.4328
brownie-mix,Brownie Mix,each,1.78,1.65,2026-09-28,2026-10-04,1.65,1.59,,,,1.59,1.69,2,2026-09-27,2026-10-03,1.69,,,,,,1.99,2.99,2026-09-16,2026-10-13,1.99,2.745,,,,2.745,1.72,,,,1.72
peanuts,Peanuts,oz,0.2175,0.1556,2026-09-28,2026-10-04,0.1556,0.1431,,,,0.1431,0.1869,,,,0.1869,,,,,,0.1681,0.1559,2026-09-09,2026-11-03,0.1559,0.091,,,,0.091,0.1612,,,,0.1612
cookies,Cookies (packaged),oz,0.3121,0.615,2026-09-28,2026-10-04,0.3121,0.1106,,,,0.1106,0.228,0.1714,2026-09-27,2026-10-03,0.1714,0.2075,0.378,2026-09-28,2026-10-03,0.2075,0.1408,0.2304,2026-09-09,2026-11-03,0.1408,0.2188,,,,0.2188,0.1428,,,,0.1428
deli-ham,Ham (deli / sliced),oz,0.3119,0.4362,2026-09-28,2026-10-04,0.3119,0.2594,,,,0.2594,0.227,0.3744,2026-09-27,2026-10-03,0.227,0.2494,0.3744,2026-09-28,2026-10-03,0.2494,0.3329,0.375,2026-09-16,2026-10-13,0.3329,0.2175,0.206,2026-09-21,2026-10-21,0.206,0.1238,0.265,2026-08-31,2026-09-30,0.1238
mixed-nuts,Mixed Nuts,oz,1.0274,0.6238,2026-09-28,2026-10-04,0.6238,0.3654,,,,0.3654,0.533,,,,0.533,0.5711,0.4639,2026-09-28,2026-10-03,0.4639,0.4279,0.4059,2026-09-09,2026-11-03,0.4059,0.4406,,,,0.4406,0.3548,,,,0.3548
almonds,Almonds,oz,0.7483,0.6305,2026-09-28,2026-10-04,0.6305,0.425,,,,0.425,0.5408,,,,0.5408,0.6244,,,,0.6244,0.6869,,,,0.6869,0.3098,,,,0.3098,0.4192,,,,0.4192
pesto,Pesto (jarred),oz,0.7152,,,,0.7152,0.4988,,,,0.4988,0.9388,,,,0.9388,,,,,,,,,,,0.39,,,,0.39,0.4373,,,,0.4373
dried-guajillo-chiles,Dried Guajillo Chiles,oz,,,,,,,,,,,,,,,,,,,,,,,,,,0.4317,,,,0.4317,0.6033,,,,0.6033
walnuts,Walnuts,oz,,,,,,0.3488,,,,0.3488,0.6988,,,,0.6988,,,,,,0.6247,1,2026-09-16,2026-10-13,0.6247,0.2488,,,,0.2488,0.6362,,,,0.6362
parmesan,Parmesan (grated/shredded),oz,0.4362,,,,0.4362,0.3488,,,,0.3488,0.4056,,,,0.4056,,,,,,0.3333,1.4475,2026-07-20,2026-10-11,0.3333,0.4112,,,,0.4112,0.3425,,,,0.3425
onion-powder,Onion Powder,oz,,,,,,0.3779,,,,0.3779,0.7511,,,,0.7511,0.42,,,,0.42,0.7143,,,,0.7143,1.0573,,,,1.0573,0.3323,,,,0.3323
fresh-ginger,Ginger Root,lb,5.99,,,,5.99,3.98,,,,3.98,4.99,,,,4.99,,,,,,3.99,,,,3.99,3.4114,,,,3.4114,3.9714,,,,3.9714
ground-ginger,Ginger (ground),oz,1.9923,,,,1.9923,,,,,,2.8062,,,,2.8062,5.7,,,,5.7,2.8298,,,,2.8298,0.7971,,,,0.7971,1.6867,,,,1.6867
black-peppercorns,Black peppercorns,oz,,,,,,,,,,,0.8877,,,,0.8877,0.6244,,,,0.6244,0.9215,,,,0.9215,0.5221,,,,0.5221,2.1343,,,,2.1343
bell-peppers,Bell Peppers,each,,,,,,0.8967,,,,0.8967,,,,,,1.17,,,,1.17,0.89,,,,0.89,0.8283,,,,0.8283,0.99,,,,0.99
ground-turmeric,Ground Turmeric,oz,2.0966,,,,2.0966,1.4526,,,,1.4526,1.345,,,,1.345,2.937,,,,2.937,1.9559,,,,1.9559,0.5832,,,,0.5832,0.8339,,,,0.8339
dried-parsley,Parsley (dried),oz,3.9867,,,,3.9867,3.96,,,,3.96,5.58,,,,5.58,,,,,,2.5,,,,2.5,2.0125,,,,2.0125,2.2111,,,,2.2111
baby-wipes,Baby Wipes,each,0.0554,,,,0.0554,0.0273,,,,0.0273,0.0312,,,,0.0312,0.0411,0.0389,2026-09-27,2026-10-27,0.0389,0.0318,,,,0.0318,0.025,,,,0.025,0.0139,,,,0.0139
garlic-herb-seasoning,Garlic Herb Seasoning,oz,,,,,,,,,,,1.2327,,,,1.2327,0.5369,0.46,2026-09-28,2026-10-03,0.46,1.0259,,,,1.0259,0.7006,,,,0.7006,0.6879,,,,0.6879
dried-oregano,Oregano (dried),oz,1.064,,,,1.064,1.32,,,,1.32,2.92,,,,2.92,4.98,3.36,2026-09-27,2026-10-27,3.36,1.6959,,,,1.6959,1.0873,,,,1.0873,1.2414,,,,1.2414
ground-cinnamon,Ground Cinnamon,oz,,,,,,0.4125,,,,0.4125,0.676,,,,0.676,,,,,,0.6443,,,,0.6443,0.8829,,,,0.8829,0.508,,,,0.508
pickled-jalapenos,Pickled Jalapenos (sliced),oz,,,,,,0.1556,,,,0.1556,0.0881,,,,0.0881,0.1227,,,,0.1227,0.1199,0.2083,2026-09-24,2026-09-29,0.1199,0.0778,,,,0.0778,0.0957,,,,0.0957
peaches,Peaches,lb,,,,,,1.645,,,,1.645,2.99,,,,2.99,,,,,,1.79,,,,1.79,2.9675,2.4675,2026-09-21,2026-10-21,2.4675,2.485,,,,2.485
cucumbers,Cucumbers,each,0.99,,,,0.99,0.75,,,,0.75,1.29,,,,1.29,1.17,,,,1.17,0.79,,,,0.79,1.3233,1.09,2026-09-28,2026-10-28,1.09,0.76,,,,0.76
minced-garlic,Minced Garlic (jarred),oz,0.6644,,,,0.6644,0.3188,,,,0.3188,0.6988,,,,0.6988,0.2497,,,,0.2497,0.4988,,,,0.4988,0.1183,,,,0.1183,0.2178,,,,0.2178
dried-thyme,Thyme (dried),oz,7.1286,,,,7.1286,,,,,,,,,,,5.7,,,,5.7,3.1087,5.7538,2026-08-19,2026-09-29,3.1087,0.8776,,,,0.8776,1.9857,,,,1.9857
lemon-pepper-seasoning,Lemon Pepper Seasoning,oz,,,,,,0.2829,,,,0.2829,1.0864,,,,1.0864,,,,,,0.9584,1.7923,2026-09-23,2026-09-29,0.9584,0.2832,,,,0.2832,0.2541,,,,0.2541
paprika,Paprika,oz,,,,,,0.467,,,,0.467,0.8443,,,,0.8443,,,,,,0.625,,,,0.625,0.4878,,,,0.4878,0.432,,,,0.432
ground-cumin,Ground Cumin,oz,,,,,,0.495,,,,0.495,1.145,,,,1.145,0.57,,,,0.57,1.1633,,,,1.1633,0.5612,,,,0.5612,0.548,,,,0.548
black-pepper,Black Pepper (ground),oz,,,,,,1.0474,,,,1.0474,0.695,,,,0.695,0.6244,,,,0.6244,0.5556,,,,0.5556,0.4433,,,,0.4433,0.9878,,,,0.9878
bananas,Bananas,lb,0.5,,,,0.5,0.48,,,,0.48,0.65,,,,0.65,0.49,0.49,,,0.49,0.55,,,,0.55,0.49,,,,0.49,0.5089,0.2799,2026-08-31,2026-09-30,0.2799
bay-leaves,Bay Leaves,oz,49.9167,,,,49.9167,,,,,,15.3,,,,15.3,14.6471,,,,14.6471,7.9733,,,,7.9733,4.27,,,,4.27,25.1667,,,,25.1667
sea-salt,Sea salt,oz,,,,,,0.6795,,,,0.6795,0.1681,,,,0.1681,,,,,,0.1419,,,,0.1419,0.1144,,,,0.1144,0.1335,,,,0.1335
lettuce,Lettuce (head),each,1.97,,,,1.97,1.89,,,,1.89,0.9975,,,,0.9975,,,,,,1.495,,,,1.495,0.7883,,,,0.7883,1.135,,,,1.135
garlic-powder,Garlic Powder,oz,,,,,,0.3173,,,,0.3173,0.556,,,,0.556,0.4162,0.3329,2026-09-17,2026-10-17,0.3329,0.5935,,,,0.5935,0.3608,,,,0.3608,0.3176,,,,0.3176
stuffing-mix,Stuffing Mix,oz,0.1583,,,,0.1583,0.1583,,,,0.1583,0.2317,,,,0.2317,0.3158,,,,0.3158,0.215,0.4167,2026-09-16,2026-10-06,0.215,0.3742,,,,0.3742,0.1617,,,,0.1617
sun-dried-tomatoes,Sun-Dried Tomatoes,oz,0.8224,,,,0.8224,0.4988,,,,0.4988,0.7488,,,,0.7488,,,,,,0.6244,,,,0.6244,0.4158,,,,0.4158,0.6153,,,,0.6153
coleslaw-mix,Coleslaw Mix,oz,,,,,,0.135,,,,0.135,,,,,,,,,,,0.229,,,,0.229,0.0731,,,,0.0731,0.1275,,,,0.1275
vegetable-oil,Vegetable / Canola Oil,floz,0.0933,,,,0.0933,0.074,,,,0.074,0.096,,,,0.096,0.0859,,,,0.0859,0.0804,,,,0.0804,0.078,,,,0.078,0.0686,,,,0.0686
iced-tea,Iced Tea (bottled/gallon),floz,0.0507,,,,0.0507,0.0304,,,,0.0304,0.1538,,,,0.1538,,,,,,0.0257,0.1458,2026-09-18,2026-11-01,0.0257,0.0287,,,,0.0287,0.0255,,,,0.0255
spring-mix,Spring Mix Salad Greens,oz,,,,,,0.1575,,,,0.1575,0.499,,,,0.499,,,,,,0.3125,,,,0.3125,0.2962,,,,0.2962,0.3488,,,,0.3488
white-vinegar,White Vinegar (distilled),floz,0.039,,,,0.039,0.0296,,,,0.0296,0.0312,,,,0.0312,,,,,,0.0327,,,,0.0327,0.0234,,,,0.0234,0.0308,,,,0.0308
cornstarch,Cornstarch,oz,0.1244,,,,0.1244,0.1181,,,,0.1181,0.1681,,,,0.1681,,,,,,0.1411,,,,0.1411,0.1869,,,,0.1869,0.1231,,,,0.1231
baking-powder,Baking Powder,oz,0.299,,,,0.299,0.2407,,,,0.2407,0.3691,,,,0.3691,0.3691,,,,0.3691,0.3074,,,,0.3074,0.1768,,,,0.1768,0.2259,,,,0.2259
medjool-dates,Medjool Dates,oz,,,,,,,,,,,0.4992,,,,0.4992,,,,,,0.4059,,,,0.4059,0.3109,,,,0.3109,0.5838,,,,0.5838
yeast,Yeast (baking),oz,1.37,,,,1.37,1.4533,,,,1.4533,1.4975,,,,1.4975,0.4684,0.4372,2026-09-27,2026-10-27,0.4372,1.4975,,,,1.4975,0.215,,,,0.215,1.3575,,,,1.3575
whipped-cream,Whipped Cream / Topping,oz,0.235,,,,0.235,0.1362,,,,0.1362,0.1737,,,,0.1737,0.2738,,,,0.2738,0.1556,,,,0.1556,0.1902,0.1771,2026-09-26,2026-10-26,0.1771,0.135,0.1969,2026-08-31,2026-09-30,0.135
tomatoes-green-chilies,Diced Tomatoes with Green Chilies (Ro-Tel style),oz,0.0821,0.0683,,,0.0683,0.095,,,,0.095,0.0683,,,,0.0683,0.0786,,,,0.0786,0.069,,,,0.069,0.0998,,,,0.0998,0.0971,,,,0.0971
tomato-paste,Tomato Paste,oz,0.1575,,,,0.1575,0.1433,,,,0.1433,0.1575,,,,0.1575,0.1408,,,,0.1408,0.1325,,,,0.1325,0.1178,,,,0.1178,0.1017,,,,0.1017
milk,Milk (gallon),gallon,4.99,,,,4.99,2.75,,,,2.75,3.49,,,,3.49,7.96,,,,7.96,2.99,,,,2.99,3.87,,,,3.87,2.816,,,,2.816
tomato-sauce,Tomato Sauce (canned),oz,0.0793,,,,0.0793,0.0588,,,,0.0588,0.0686,,,,0.0686,,,,,,0.0617,,,,0.0617,0.0554,,,,0.0554,0.0576,,,,0.0576
apple-juice,Apple Juice,floz,,,,,,0.0342,,,,0.0342,0.0416,,,,0.0416,,,,,,0.0358,0.125,2026-09-08,2026-10-04,0.0358,0.0574,,,,0.0574,0.052,,,,0.052
cocoa-powder,Cocoa Powder (baking),oz,0.6862,0.5612,2026-09-28,2026-10-04,0.5612,0.5612,,,,0.5612,,,,,,,,,,,0.8488,,,,0.8488,0.5209,,,,0.5209,0.5913,,,,0.5913
smoked-turkey-sausage,Smoked Turkey Sausage,lb,,,,,,3.68,,,,3.68,5.32,,,,5.32,,,,,,4.2954,4.0492,2026-09-16,2026-10-13,4.0492,3.6457,,,,3.6457,5.241,,,,5.241
baby-back-ribs,Baby Back Ribs,lb,5.99,4.79,2026-09-28,2026-11-01,4.79,3.29,,,,3.29,5.49,,,,5.49,4.99,,,,4.99,4.49,2.99,2026-09-23,2026-09-29,2.99,3.34,,,,3.34,3.8406,3.3798,2026-08-31,2026-09-30,3.3798
condensed-milk,Sweetened Condensed Milk,oz,0.2136,,,,0.2136,0.1636,,,,0.1636,0.2064,,,,0.2064,0.2136,,,,0.2136,0.185,,,,0.185,0.1664,,,,0.1664,0.166,,,,0.166
artichoke-hearts,Artichoke Hearts (canned/jarred),oz,,,,,,0.1992,,,,0.1992,0.285,,,,0.285,0.1779,,,,0.1779,0.2908,0.2313,2026-08-24,2026-11-15,0.2313,0.2346,,,,0.2346,0.1651,,,,0.1651
canned-yams,Canned Yams / Sweet Potatoes,oz,,,,,,,,,,,0.1248,,,,0.1248,,,,,,0.0998,,,,0.0998,0.0748,,,,0.0748,0.0779,,,,0.0779
canned-pasta,Canned Pasta (Ravioli / SpaghettiOs),oz,,,,,,,,,,,0.1082,,,,0.1082,0.0982,0.0896,2026-09-23,2026-10-23,0.0896,0.1,,,,0.1,0.0774,,,,0.0774,0.079,,,,0.079
canned-peaches,Canned Peaches,oz,0.1167,,,,0.1167,0.1016,,,,0.1016,0.1327,,,,0.1327,,,,,,0.1134,0.1875,2026-09-02,2026-11-10,0.1134,0.0881,,,,0.0881,0.0959,,,,0.0959
hot-dog-buns,Hot Dog Buns,each,0.2488,,,,0.2488,,,,,,0.5362,,,,0.5362,0.185,,,,0.185,0.1862,0.2738,2026-09-16,2026-11-10,0.1862,0.2425,,,,0.2425,0.185,0.2462,2026-08-31,2026-09-30,0.185
disinfectant-spray,Disinfectant Spray,oz,0.5592,,,,0.5592,,,,,,0.5784,,,,0.5784,0.7192,,,,0.7192,0.2188,0.1996,2026-08-10,2026-10-04,0.1996,0.2804,,,,0.2804,0.2608,,,,0.2608
croissants,Croissants,each,1.165,,,,1.165,0.465,,,,0.465,1.4975,,,,1.4975,0.8317,,,,0.8317,0.9983,,,,0.9983,0.4617,,,,0.4617,0.3317,,,,0.3317
hamburger-buns,Hamburger Buns,each,0.2488,,,,0.2488,,,,,,0.2488,,,,0.2488,0.185,,,,0.185,0.1862,0.2738,2026-09-16,2026-11-10,0.1862,0.2425,,,,0.2425,0.185,0.2462,2026-08-31,2026-09-30,0.185
floor-cleaner,Floor Cleaner,floz,0.3316,,,,0.3316,,,,,,0.1639,,,,0.1639,0.1656,,,,0.1656,0.1666,,,,0.1666,0.0545,,,,0.0545,0.0778,,,,0.0778
curry-powder,Curry Powder,oz,,,,,,,,,,,1.395,,,,1.395,2.8514,,,,2.8514,1.599,,,,1.599,0.4989,,,,0.4989,1.06,,,,1.06
feta,Feta Cheese,oz,,,,,,0.37,,,,0.37,1.1238,,,,1.1238,,,,,,0.8317,1.015,2026-07-20,2026-10-11,0.8317,0.3033,,,,0.3033,0.5733,,,,0.5733
cayenne-pepper,Cayenne Pepper (ground),oz,1.3316,,,,1.3316,,,,,,1.8663,,,,1.8663,1.4229,,,,1.4229,1.18,,,,1.18,0.4831,,,,0.4831,0.9115,,,,0.9115
chili-powder,Chili Powder,oz,0.4545,,,,0.4545,0.396,,,,0.396,0.6145,,,,0.6145,0.6244,,,,0.6244,0.6313,1.7086,2026-08-19,2026-09-29,0.6313,0.509,,,,0.509,0.36,,,,0.36
tomato-soup,Tomato Soup (canned),oz,0.1133,,,,0.1133,0.1191,,,,0.1191,0.0842,,,,0.0842,,,,,,0.0765,,,,0.0765,0.1541,,,,0.1541,0.0688,,,,0.0688
cream-of-chicken-soup,Cream of Chicken Soup,oz,0.0695,,,,0.0695,0.0695,,,,0.0695,0.081,,,,0.081,0.141,,,,0.141,0.0765,,,,0.0765,0.1069,,,,0.1069,0.0705,,,,0.0705
diced-tomatoes,Canned Diced Tomatoes,oz,0.0711,,,,0.0711,0.0614,,,,0.0614,0.0683,,,,0.0683,0.0889,0.0711,2026-09-02,2026-10-02,0.0711,0.0675,0.0862,2026-09-23,2026-10-04,0.0675,0.0574,,,,0.0574,0.0596,,,,0.0596
canned-black-beans,Canned Black Beans,oz,0.066,,,,0.066,0.0567,,,,0.0567,0.0649,,,,0.0649,0.0879,,,,0.0879,0.0638,,,,0.0638,0.0749,,,,0.0749,0.0613,,,,0.0613
cream-of-mushroom-soup,Cream of Mushroom Soup,oz,0.0695,,,,0.0695,0.0695,,,,0.0695,0.081,,,,0.081,0.141,,,,0.141,0.0765,,,,0.0765,0.1069,,,,0.1069,0.0705,,,,0.0705
bouillon,Bouillon (cubes / granules / base),oz,,,,,,0.1841,,,,0.1841,1.1969,,,,1.1969,,,,,,0.3814,,,,0.3814,0.1551,,,,0.1551,0.1681,0.676,2026-08-31,2026-09-30,0.1681
chicken-broth,Chicken Broth / Stock,floz,,,,,,0.0391,,,,0.0391,0.0528,,,,0.0528,0.0838,,,,0.0838,0.0477,0.0625,2026-09-08,2026-11-10,0.0477,0.0416,,,,0.0416,0.045,0.1638,2026-08-31,2026-09-30,0.045
ramen,Ramen Noodles,each,,,,,,0.3208,,,,0.3208,0.3742,,,,0.3742,0.4575,0.3325,2026-09-28,2026-10-03,0.3325,0.5817,,,,0.5817,1.0544,,,,1.0544,0.495,,,,0.495
beef-stew,Canned Beef Stew,oz,0.246,,,,0.246,,,,,,,,,,,0.246,,,,0.246,0.1745,,,,0.1745,0.1553,,,,0.1553,0.165,,,,0.165
laundry-pods,Laundry Detergent Pods,each,0.3206,,,,0.3206,0.2131,,,,0.2131,0.2974,0.3331,2026-09-27,2026-10-03,0.2974,0.3093,0.2367,2026-09-28,2026-10-03,0.2367,0.245,0.2855,2026-09-23,2026-09-29,0.245,0.1498,,,,0.1498,0.1563,,,,0.1563
toothpaste,Toothpaste,oz,0.5817,,,,0.5817,0.763,,,,0.763,0.2709,1.1745,2026-09-27,2026-10-03,0.2709,,,,,,0.3094,0.8317,2026-08-19,2026-11-10,0.3094,0.3644,0.301,2026-09-19,2026-10-19,0.301,0.1818,,,,0.1818
toaster-pastries,Toaster Pastries,each,0.3738,,,,0.3738,0.1692,,,,0.1692,0.2325,0.5,2026-09-27,2026-10-03,0.2325,0.3317,0.2783,2026-09-27,2026-10-27,0.2783,0.3122,,,,0.3122,0.2079,,,,0.2079,0.21,,,,0.21
feminine-pads,Feminine Pads,each,0.3395,,,,0.3395,,,,,,0.1246,0.193,2026-09-27,2026-10-03,0.1246,0.2081,0.1942,2026-09-28,2026-10-03,0.1942,0.1359,0.2433,2026-09-23,2026-10-06,0.1359,0.1683,,,,0.1683,0.0829,,,,0.0829
dish-soap,Dish Soap (liquid),floz,,,,,,0.0785,,,,0.0785,0.0888,0.2671,2026-09-27,2026-10-03,0.0888,0.1541,0.1024,2026-08-30,2026-09-29,0.1024,0.0711,0.1228,2026-09-23,2026-10-06,0.0711,0.088,0.1109,2026-09-19,2026-10-19,0.088,0.0619,,,,0.0619
soy-sauce,Soy Sauce,floz,0.2361,,,,0.2361,0.11,,,,0.11,0.169,0.164,2026-09-27,2026-10-03,0.164,0.2327,0.1993,2026-09-29,2026-10-29,0.1993,0.1247,,,,0.1247,0.1153,,,,0.1153,0.1153,,,,0.1153
laundry-detergent,"Laundry Detergent (liquid, any brand)",floz,0.0882,,,,0.0882,0.0549,,,,0.0549,0.0999,0.1357,2026-09-27,2026-10-03,0.0999,0.0646,0.0501,2026-09-28,2026-10-03,0.0501,0.0804,,,,0.0804,0.078,0.0735,2026-09-25,2026-10-25,0.0735,0.0815,,,,0.0815
blue-cheese-dressing,Blue Cheese Dressing,floz,0.1612,,,,0.1612,,,,,,0.1869,0.3125,2026-09-27,2026-10-03,0.1869,0.2175,0.1962,2026-09-27,2026-10-03,0.1962,0.1744,0.1244,2026-09-16,2026-10-06,0.1244,,,,,,0.1654,,,,0.1654
caesar-dressing,Caesar Dressing,floz,0.1612,,,,0.1612,0.3075,,,,0.3075,0.1869,0.3125,2026-09-27,2026-10-03,0.1869,,,,,,0.1744,0.1244,2026-09-16,2026-10-06,0.1244,,,,,,0.1853,0.6212,2026-08-31,2026-09-30,0.1853
coffee-pods,Coffee Pods (K-Cups),each,0.936,,,,0.936,0.3575,,,,0.3575,0.6716,0.5,2026-09-27,2026-10-03,0.5,0.4124,0.6029,2026-09-28,2026-10-03,0.4124,0.2916,0.4158,2026-09-23,2026-10-06,0.2916,0.3298,0.2641,2026-09-19,2026-10-19,0.2641,0.3347,,,,0.3347
dog-food,Dog Food (dry),lb,0.8638,,,,0.8638,1.398,,,,1.398,0.7198,2.066,2026-09-27,2026-10-03,0.7198,1.0934,0.9059,2026-09-19,2026-10-19,0.9059,0.5998,,,,0.5998,0.5579,1.2495,2026-09-22,2026-10-22,0.5579,0.5376,,,,0.5376
body-wash,Body Wash,floz,0.3106,,,,0.3106,0.1695,,,,0.1695,0.1325,0.4717,2026-09-27,2026-10-03,0.1325,0.2206,,,,0.2206,0.1828,0.2495,2026-09-16,2026-10-04,0.1828,0.1827,,,,0.1827,0.165,0.2327,2026-08-31,2026-09-30,0.165
sponges,Dish Sponges,each,1.33,,,,1.33,0.53,,,,0.53,,2.6633,2026-09-27,2026-10-03,2.6633,,,,,,,,,,,0.6433,,,,0.6433,0.485,,,,0.485
diapers,Diapers,each,0.2668,,,,0.2668,0.1385,,,,0.1385,0.1748,0.1899,2026-09-27,2026-10-03,0.1748,0.2854,0.4317,2026-09-28,2026-10-03,0.2854,0.168,,,,0.168,0.1801,0.1978,2026-09-21,2026-10-21,0.1801,0.1681,,,,0.1681
canned-green-beans,Canned Green Beans,oz,0.0566,,,,0.0566,0.0513,,,,0.0513,0.0683,0.1379,2026-09-27,2026-10-03,0.0683,0.0772,,,,0.0772,0.0572,,,,0.0572,0.0622,,,,0.0622,0.0529,,,,0.0529
paper-towels,Paper Towels,each,0.9933,,,,0.9933,0.5825,,,,0.5825,1.4988,0.8333,2026-09-27,2026-10-03,0.8333,1.4967,1.165,2026-09-23,2026-10-23,1.165,1.4983,1.4483,2026-09-23,2026-10-20,1.4483,,,,,,,,,,
frozen-lasagna,Frozen Lasagna,oz,0.284,,,,0.284,0.1576,,,,0.1576,0.4992,0.1852,2026-09-27,2026-10-03,0.1852,0.1961,0.1425,2026-09-17,2026-10-17,0.1425,0.1532,0.2497,2026-09-23,2026-09-29,0.1532,0.156,,,,0.156,0.1652,,,,0.1652
canned-chili,Canned Chili,oz,0.1587,,,,0.1587,0.1327,,,,0.1327,0.1793,0.2143,2026-09-27,2026-10-03,0.1793,0.2127,,,,0.2127,0.1527,0.1515,2026-09-16,2026-11-03,0.1515,0.1529,,,,0.1529,0.1133,0.1587,2026-08-31,2026-09-30,0.1133
orange-juice,Orange Juice,floz,0.0702,,,,0.0702,0.0585,,,,0.0585,0.0702,0.087,2026-09-27,2026-10-03,0.0702,,0.0467,2026-09-28,2026-10-03,0.0467,0.0547,0.1304,2026-09-09,2026-09-29,0.0547,0.0667,,,,0.0667,0.0667,,,,0.0667
fresh-rosemary,Fresh Rosemary,oz,,,,,,2.98,,,,2.98,5.98,3.98,2026-09-27,2026-10-03,3.98,3.9867,,,,3.9867,,,,,,,,,,,3.84,,,,3.84
eggs,Large Eggs (dozen),dozen,,,,,,1.66,,,,1.66,2.356,3.99,2026-09-27,2026-10-03,2.356,1.65,,,,1.65,1.75,5.99,2026-09-14,2026-10-11,1.75,2.41,,,,2.41,1.624,,,,1.624
cat-food,Cat Food (dry),lb,,,,,,1.1714,,,,1.1714,1.3119,2.0921,2026-09-27,2026-10-03,1.3119,1.1238,0.9988,2026-09-28,2026-10-03,0.9988,1.0931,,,,1.0931,0.7962,,,,0.7962,0.6584,1.7598,2026-08-31,2026-09-30,0.6584
block-cheese,Block Cheese,oz,0.2809,,,,0.2809,0.2188,,,,0.2188,0.2494,0.625,2026-09-27,2026-10-03,0.2494,,,,,,0.2278,,,,0.2278,0.1791,,,,0.1791,0.2103,,,,0.2103
fresh-mint,Mint (fresh),oz,,,,,,,,,,,5.98,3.98,2026-09-27,2026-10-03,3.98,3.9867,,,,3.9867,4.98,,,,4.98,,,,,,3.84,,,,3.84
frozen-broccoli,Frozen Broccoli,oz,0.0817,,,,0.0817,0.0958,,,,0.0958,0.1492,0.0833,2026-09-27,2026-10-03,0.0833,0.1681,,,,0.1681,0.121,0.1344,2026-09-09,2026-11-03,0.121,0.1072,,,,0.1072,0.0783,,,,0.0783
canned-corn,Canned Corn,oz,0.0538,,,,0.0538,0.0511,,,,0.0511,0.0649,0.1311,2026-09-27,2026-10-03,0.0649,,,,,,0.0638,,,,0.0638,0.0592,,,,0.0592,0.0421,,,,0.0421
ranch-dressing,Ranch Dressing,floz,0.1386,,,,0.1386,0.1175,,,,0.1175,0.1538,0.3125,2026-09-27,2026-10-03,0.1538,,,,,,0.1111,0.0969,2026-09-09,2026-11-03,0.0969,0.0858,,,,0.0858,0.1103,0.621,2026-08-31,2026-09-30,0.1103
fresh-thyme,Fresh Thyme,oz,,,,,,2.98,,,,2.98,5.98,3.98,2026-09-27,2026-10-03,3.98,,,,,,,,,,,,,,,,3.84,,,,3.84
fish-sticks,Fish Sticks (frozen),oz,0.3478,,,,0.3478,0.2188,,,,0.2188,0.3654,0.2841,2026-09-27,2026-10-03,0.2841,0.3248,,,,0.3248,0.3123,0.2841,2026-09-16,2026-10-13,0.2841,0.2459,0.2281,2026-09-19,2026-10-19,0.2281,0.203,,,,0.203
toilet-paper,Toilet Paper,each,1.2492,,,,1.2492,,,,,,0.8121,0.5556,2026-09-27,2026-10-03,0.5556,,0.8725,2026-09-28,2026-10-03,0.8725,0.5242,0.5408,2026-08-29,2026-11-03,0.5242,,,,,,,,,,
deodorant,Deodorant,oz,2.1115,,,,2.1115,1.3133,,,,1.3133,0.7317,1.8395,2026-09-27,2026-10-03,0.7317,1.33,,,,1.33,1.15,2.6885,2026-09-12,2026-10-06,1.15,0.8987,,,,0.8987,0.7475,,,,0.7475
batteries,Batteries (AA),each,,,,,,0.3688,,,,0.3688,0.6345,1.6225,2026-09-27,2026-10-03,0.6345,0.4579,,,,0.4579,0.4719,,,,0.4719,0.4162,0.3746,2026-09-21,2026-10-21,0.3746,0.4712,,,,0.4712
cheese-tortellini,Cheese Tortellini,oz,0.1341,,,,0.1341,0.2148,,,,0.2148,0.2995,0.2626,2026-09-27,2026-10-03,0.2626,,,,,,0.1873,0.549,2026-09-01,2026-10-25,0.1873,0.3275,,,,0.3275,0.1881,,,,0.1881
fresh-basil,Basil (fresh),oz,,,,,,,,,,,5.98,3.98,2026-09-27,2026-10-03,3.98,3.9867,,,,3.9867,3.2,,,,3.2,,,,,,2.52,,,,2.52
fruit-punch,Fruit Punch,floz,0.0369,,,,0.0369,0.0303,,,,0.0303,0.0422,0.0833,2026-09-27,2026-10-03,0.0422,,,,,,0.0273,,,,0.0273,,,,,,0.0217,,,,0.0217
oat-milk,Oat Milk,floz,0.0767,,,,0.0767,0.0545,,,,0.0545,0.067,0.0769,2026-09-27,2026-10-03,0.067,0.0863,0.0669,2026-09-27,2026-10-27,0.0669,0.0622,,,,0.0622,,,,,,0.0556,,,,0.0556
bagels,Bagels,each,,,,,,0.3317,,,,0.3317,0.5983,,,,0.5983,0.9983,0.665,2026-09-28,2026-10-03,0.665,0.415,0.3317,2026-09-09,2026-11-03,0.3317,0.5817,,,,0.5817,0.3567,,,,0.3567
breakfast-sausage,Breakfast Sausage (pork),lb,4.88,,,,4.88,2.89,,,,2.89,4.49,,,,4.49,,5.32,2026-09-28,2026-10-03,5.32,3.29,2.6667,2026-09-16,2026-10-13,2.6667,3.67,,,,3.67,2.94,,,,2.94
garlic-bread,Garlic Bread (frozen),each,,,,,,1.95,,,,1.95,2.89,,,,2.89,4.49,3.99,2026-09-17,2026-10-17,3.99,2,,,,2,,,,,,1.97,,,,1.97
sparkling-water,Sparkling Water,floz,0.0457,,,,0.0457,0.0234,,,,0.0234,0.0818,,,,0.0818,0.0441,0.0497,2026-09-28,2026-10-03,0.0441,0.0296,0.0417,2026-09-02,2026-10-06,0.0296,0.0269,0.0294,2026-09-19,2026-10-19,0.0269,0.0249,,,,0.0249
string-cheese,String Cheese,oz,,,,,,0.2575,,,,0.2575,0.3992,,,,0.3992,0.4995,0.4495,2026-09-27,2026-10-03,0.4495,0.229,,,,0.229,0.1973,,,,0.1973,0.2567,,,,0.2567
pork-tenderloin,Pork Tenderloin,lb,3.99,,,,3.99,3.59,,,,3.59,5.49,,,,5.49,3.99,2.99,2026-09-28,2026-10-03,2.99,,,,,,4.1,,,,4.1,3.9707,4.4398,2026-08-31,2026-09-30,3.9707
italian-sausage,Italian Sausage,lb,5.48,,,,5.48,2.4842,,,,2.4842,4.49,,,,4.49,5.0442,4.49,2026-09-28,2026-10-03,4.49,3.5467,3.99,2026-09-16,2026-10-13,3.5467,3.67,0.99,2026-09-26,2026-10-26,0.99,3.92,,,,3.92
diced-ham,Diced / Cubed Ham,oz,,,,,,,,,,,0.3931,,,,0.3931,0.3744,0.3119,2026-09-29,2026-10-03,0.3119,0.3738,0.375,2026-09-16,2026-10-13,0.3738,,,,,,0.31,,,,0.31
pork-chops,Pork Chops,lb,,,,,,2.79,,,,2.79,4.79,,,,4.79,3.99,4,2026-09-28,2026-10-03,3.99,4.3478,3.99,2026-08-19,2026-11-10,3.99,2.52,,,,2.52,3.27,3.7701,2026-08-31,2026-09-30,3.27
mayonnaise,Mayonnaise,oz,0.1327,,,,0.1327,0.0963,,,,0.0963,0.133,,,,0.133,0.29,0.5392,2026-09-28,2026-10-03,0.29,0.133,0.1663,2026-09-23,2026-10-06,0.133,0.117,,,,0.117,0.099,,,,0.099
fruit-snacks,Fruit Snacks,each,,,,,,0.297,,,,0.297,0.2304,,,,0.2304,,0.2112,2026-09-28,2026-10-03,0.2112,0.2248,0.2268,2026-09-16,2026-10-13,0.2248,0.1549,,,,0.1549,0.1865,,,,0.1865
dog-treats,Dog Treats,oz,,,,,,0.1204,,,,0.1204,0.1965,,,,0.1965,0.1249,0.0936,2026-09-28,2026-10-03,0.0936,0.1121,0.4196,2026-09-23,2026-09-29,0.1121,0.0749,,,,0.0749,0.1658,,,,0.1658
mouthwash,Mouthwash,floz,,,,,,0.147,,,,0.147,0.0885,,,,0.0885,0.1476,0.1772,2026-09-28,2026-10-03,0.1476,0.0766,,,,0.0766,0.1082,0.0885,2026-09-19,2026-10-19,0.0885,0.0785,,,,0.0785
muffins,Muffins (bakery),each,,,,,,0.9725,,,,0.9725,1.098,,,,1.098,1.138,0.696,2026-09-27,2026-10-27,0.696,0.625,,,,0.625,0.589,,,,0.589,0.3725,,,,0.3725
graham-crackers,Graham Crackers,oz,0.2424,,,,0.2424,0.1382,,,,0.1382,0.2285,,,,0.2285,0.3812,0.2389,2026-09-28,2026-10-03,0.2389,0.159,0.3812,2026-09-05,2026-11-15,0.159,0.1559,,,,0.1559,0.15,,,,0.15
lemonade,Lemonade,floz,0.0575,,,,0.0575,0.0295,,,,0.0295,0.0422,,,,0.0422,,0.0311,2026-09-28,2026-10-03,0.0311,0.0294,0.0416,2026-09-14,2026-10-25,0.0294,0.0465,0.131,2026-09-26,2026-10-26,0.0465,0.0217,,,,0.0217
pancake-mix,Pancake Mix,oz,0.08,,,,0.08,0.0609,,,,0.0609,0.0841,,,,0.0841,0.0812,0.0623,2026-09-28,2026-10-03,0.0623,0.0684,0.0774,2026-09-12,2026-10-06,0.0684,0.0484,,,,0.0484,0.0619,,,,0.0619
half-and-half,Half & Half,floz,0.1091,,,,0.1091,0.0747,,,,0.0747,0.0934,,,,0.0934,0.1047,0.1244,2026-09-28,2026-10-03,0.1047,0.078,,,,0.078,0.07,,,,0.07,0.0775,,,,0.0775
fabric-softener,Fabric Softener (liquid),floz,0.113,,,,0.113,0.0884,,,,0.0884,0.0978,0.109,2026-09-27,2026-10-03,0.0978,0.1214,0.1142,2026-09-09,2026-10-09,0.1142,0.0809,,,,0.0809,0.0646,,,,0.0646,0.0726,,,,0.0726
shower-cleaner,Shower / Bathroom Cleaner,floz,0.0998,,,,0.0998,0.0872,,,,0.0872,0.1872,0.3744,2026-09-27,2026-10-03,0.1872,0.1244,,,,0.1244,0.1184,,,,0.1184,0.1035,,,,0.1035,0.0619,0.12,2026-08-31,2026-09-30,0.0619
beef-broth,Beef Broth / Stock,floz,0.0622,,,,0.0622,0.0391,,,,0.0391,0.0528,0.0781,2026-09-27,2026-10-03,0.0528,0.0838,,,,0.0838,0.0497,0.0625,2026-09-08,2026-11-10,0.0497,,,,,,0.0469,,,,0.0469
conditioner,Hair Conditioner,floz,0.4158,,,,0.4158,0.5163,,,,0.5163,0.3167,0.5279,2026-09-27,2026-10-03,0.3167,0.1107,,,,0.1107,0.0927,0.0889,2026-08-19,2026-11-10,0.0889,0.2613,0.2089,2026-09-19,2026-10-19,0.2089,0.0746,,,,0.0746
jelly,Jelly / Jam,oz,0.0891,,,,0.0891,0.0897,,,,0.0897,0.0997,0.4167,2026-09-27,2026-10-03,0.0997,0.1091,0.0931,2026-09-28,2026-10-28,0.0931,0.0872,0.1507,2026-09-16,2026-11-10,0.0872,0.083,,,,0.083,0.0927,,,,0.0927
shampoo,Shampoo,floz,0.4158,,,,0.4158,,,,,,0.0993,0.4575,2026-09-27,2026-10-03,0.0993,0.1107,0.0876,2026-09-23,2026-10-23,0.0876,0.0927,0.0889,2026-08-19,2026-11-10,0.0889,0.2222,0.1877,2026-09-19,2026-10-19,0.1877,0.075,,,,0.075
all-purpose-cleaner,All-Purpose Cleaner,floz,0.1559,,,,0.1559,0.0855,,,,0.0855,0.1247,0.1949,2026-09-27,2026-10-03,0.1247,0.107,0.0889,2026-09-27,2026-10-27,0.0889,0.0713,0.0888,2026-09-23,2026-11-01,0.0713,0.0523,0.1082,2026-09-25,2026-10-25,0.0523,0.0527,0.12,2026-08-31,2026-09-30,0.0527
teriyaki-sauce,Teriyaki Sauce / Marinade,floz,,,,,,,,,,,0.229,0.2202,2026-09-27,2026-10-03,0.2202,0.2494,0.2175,2026-09-29,2026-10-29,0.2175,0.199,0.1667,2026-09-09,2026-11-03,0.1667,0.2102,,,,0.2102,0.1687,,,,0.1687
salsa,Salsa,oz,0.1681,,,,0.1681,0.1079,,,,0.1079,0.1556,0.2258,2026-09-27,2026-10-03,0.1556,0.1662,0.2193,2026-09-28,2026-10-03,0.1662,0.1256,0.2181,2026-09-09,2026-11-03,0.1256,0.0984,,,,0.0984,0.1231,,,,0.1231
oatmeal,Oats / Oatmeal,oz,0.1188,,,,0.1188,0.095,,,,0.095,0.1517,,,,0.1517,0.4788,0.2217,2026-09-28,2026-10-03,0.2217,0.1069,0.2799,2026-08-19,2026-11-10,0.1069,0.0624,0.0499,2026-09-21,2026-10-21,0.0499,0.0995,,,,0.0995
refried-beans,Refried Beans,oz,0.0619,,,,0.0619,0.0619,,,,0.0619,0.0835,,,,0.0835,,0.1327,2026-09-28,2026-10-03,0.1327,0.0744,0.0938,2026-09-09,2026-10-06,0.0744,,,,,,0.0675,0.1013,2026-08-31,2026-09-30,0.0675
ground-beef-93-7,93/7 Lean Ground Beef,lb,,,,,,7.39,,,,7.39,9.29,,,,9.29,6.99,7.47,2026-09-28,2026-10-03,6.99,,,,,,6.17,,,,6.17,7.49,,,,7.49
garden-salad,Garden Salad Blend (bagged),oz,,,,,,,,,,,,,,,,0.2075,0.2488,2026-09-28,2026-10-03,0.2075,0.1662,,,,0.1662,0.0831,,,,0.0831,0.1404,,,,0.1404
olive-oil,Olive Oil,floz,0.4406,,,,0.4406,0.2808,,,,0.2808,0.3991,,,,0.3991,0.3105,0.2956,2026-09-28,2026-10-28,0.2956,0.3675,0.3747,2026-09-09,2026-11-03,0.3675,0.1879,0.192,2026-09-21,2026-10-21,0.1879,0.2843,,,,0.2843
razors,Razors (disposable),each,2.2475,2.115,,,2.115,0.7475,,,,0.7475,0.3317,0.4686,2026-09-27,2026-10-03,0.3317,1.097,0.997,2026-09-23,2026-10-23,0.997,0.2245,,,,0.2245,0.6342,0.4804,2026-09-19,2026-10-19,0.4804,0.1633,,,,0.1633
egg-noodles,Egg Noodles,oz,,,,,,0.1088,,,,0.1088,0.1825,0.1724,2026-09-27,2026-10-03,0.1724,0.2492,0.2325,2026-09-17,2026-10-17,0.2325,0.125,0.2325,2026-09-09,2026-11-10,0.125,,,,,,0.1112,,,,0.1112
jumbo-pasta-shells,Jumbo Pasta Shells / Manicotti,oz,,,,,,,,,,,,,,,,,0.3125,2026-09-28,2026-10-03,0.3125,,,,,,,,,,,0.1633,,,,0.1633
sports-drinks,Sports Drinks,floz,0.053,,,,0.053,0.0436,,,,0.0436,0.0624,,,,0.0624,0.0437,0.0311,2026-09-28,2026-10-03,0.0311,0.0555,0.0596,2026-08-12,2026-09-29,0.0555,0.0333,0.0347,2026-09-19,2026-10-19,0.0333,0.0436,,,,0.0436